257.500000 21.250000 252.500000 0.000000 3.470052 0.125000 9.097872 
256.250000 0.000000 260.000000 17.500000 3.920328 0.125000 9.189039 
367.500000 0.000000 361.250000 18.750000 3.724599 0.125000 18.606859 
206.250000 23.750000 195.000000 0.000000 3.694438 0.125000 21.521073 
12.500000 83.750000 140.000000 143.750000 4.658176 0.125000 195.688244 
196.250000 107.500000 415.000000 107.500000 5.535227 0.125000 427.067449 
222.500000 60.000000 211.250000 33.750000 4.451085 0.125000 13.532966 
262.500000 36.250000 267.500000 56.250000 3.212012 0.125000 5.742325 
560.000000 33.750000 570.000000 25.000000 5.235590 0.125000 2.853075 
198.750000 0.000000 208.750000 20.000000 6.008531 0.125000 16.339657 
356.250000 21.250000 363.750000 0.000000 3.951929 0.125000 13.016973 
425.000000 0.000000 411.250000 23.750000 4.048549 0.125000 19.145070 
578.750000 23.750000 563.750000 0.000000 3.522120 0.125000 20.850931 
347.500000 53.750000 352.500000 35.000000 2.919942 0.125000 4.775235 
16.250000 2.500000 22.500000 8.750000 4.480133 0.125000 0.962227 
357.500000 30.000000 350.000000 57.500000 3.597018 0.125000 11.044929 
208.750000 35.000000 178.750000 36.250000 5.729043 0.125000 16.813181 
141.250000 143.750000 182.500000 166.250000 5.184572 0.125000 56.620394 
186.250000 0.000000 147.500000 1.250000 2.464283 0.125000 29.316123 
265.000000 58.750000 260.000000 36.250000 3.599161 0.125000 4.948918 
406.250000 32.500000 391.250000 58.750000 3.523540 0.125000 19.794318 
350.000000 307.500000 307.500000 307.500000 1.444520 0.125000 14.941819 
306.250000 307.500000 263.750000 307.500000 1.263198 0.125000 14.051266 
431.250000 163.750000 531.250000 118.750000 5.202929 0.125000 159.929529 
408.750000 21.250000 420.000000 0.000000 5.717074 0.125000 19.381668 
455.000000 36.250000 406.250000 33.750000 2.419734 0.125000 43.987791 
352.500000 31.250000 312.500000 28.750000 2.515780 0.125000 34.146890 
305.000000 28.750000 263.750000 31.250000 2.358832 0.125000 36.747267 
218.750000 45.000000 225.000000 56.250000 3.968808 0.125000 1.083064 
183.750000 68.750000 303.750000 61.250000 4.171431 0.125000 119.649691 
157.500000 35.000000 305.000000 26.250000 4.395050 0.125000 164.390990 
311.250000 61.250000 430.000000 67.500000 3.902401 0.125000 117.613836 
30.000000 6.250000 20.000000 0.000000 3.800492 0.125000 0.348603 
0.000000 76.250000 12.500000 82.500000 4.520278 0.125000 10.182960 
531.250000 118.750000 573.750000 100.000000 7.067985 0.125000 86.950023 
310.000000 38.750000 308.750000 62.500000 3.429467 0.125000 17.869339 
257.500000 31.250000 216.250000 33.750000 2.356248 0.125000 37.636378 
312.500000 26.250000 458.750000 33.750000 3.805356 0.125000 186.807361 
177.500000 36.250000 161.250000 37.500000 2.079024 0.125000 1.637185 
235.000000 85.000000 227.500000 67.500000 3.160867 0.125000 1.641849 
400.000000 33.750000 358.750000 31.250000 2.430084 0.125000 33.277933 
226.250000 68.750000 187.500000 70.000000 2.848560 0.125000 27.407386 
342.500000 65.000000 311.250000 63.750000 2.685341 0.125000 25.606201 
311.250000 18.750000 310.000000 32.500000 3.364796 0.125000 4.148698 
477.500000 1.250000 445.000000 0.000000 3.547272 0.125000 18.597584 
303.750000 63.750000 271.250000 66.250000 2.707244 0.125000 27.347585 
168.750000 245.000000 450.000000 243.750000 2.778043 0.125000 262.486527 
312.500000 0.000000 311.250000 18.750000 5.782013 0.125000 17.640698 
388.750000 57.500000 396.250000 45.000000 5.058980 0.125000 3.590044 
426.250000 70.000000 387.500000 67.500000 3.648764 0.125000 23.300438 
307.500000 33.750000 307.500000 0.000000 5.019909 0.125000 43.575427 
306.250000 67.500000 306.250000 38.750000 4.182373 0.125000 30.557029 
580.000000 97.500000 630.000000 76.250000 5.915156 0.125000 66.766065 
128.750000 93.750000 111.250000 81.250000 4.726078 0.125000 21.016914 
265.000000 66.250000 231.250000 67.500000 2.173457 0.125000 16.043677 
183.750000 163.750000 182.500000 143.750000 5.197166 0.125000 35.746970 
381.250000 67.500000 348.750000 66.250000 2.495372 0.125000 18.633851 
147.500000 107.500000 132.500000 97.500000 3.747857 0.125000 12.780111 
162.500000 118.750000 147.500000 108.750000 3.505944 0.125000 9.471539 
265.000000 310.000000 350.000000 308.750000 3.022830 0.125000 108.790762 
308.750000 72.500000 307.500000 90.000000 3.177807 0.125000 5.217734 
487.500000 95.000000 445.000000 123.750000 4.794728 0.125000 53.796881 
225.000000 238.750000 252.500000 238.750000 2.557928 0.125000 20.545968 
630.000000 75.000000 638.750000 71.250000 6.650245 0.125000 1.357319 
180.000000 132.500000 162.500000 118.750000 4.827187 0.125000 13.293726 
97.500000 71.250000 75.000000 55.000000 4.671805 0.125000 24.847401 
540.000000 55.000000 521.250000 22.500000 7.864672 0.125000 62.835367 
111.250000 81.250000 97.500000 71.250000 5.488761 0.125000 14.033254 
598.750000 0.000000 587.500000 7.500000 3.666519 0.125000 10.233822 
192.500000 230.000000 215.000000 230.000000 3.844324 0.125000 19.538058 
125.000000 127.500000 136.250000 127.500000 7.435197 0.125000 1.672583 
510.000000 72.500000 486.250000 35.000000 2.975527 0.125000 40.683918 
40.000000 20.000000 51.250000 0.000000 3.165520 0.125000 24.757541 
126.250000 82.500000 146.250000 50.000000 2.329722 0.125000 30.195794 
430.000000 131.250000 430.000000 162.500000 5.452649 0.125000 34.063938 
75.000000 46.250000 102.500000 0.000000 2.827770 0.125000 52.623225 
188.750000 130.000000 423.750000 130.000000 2.973397 0.125000 327.273824 
183.750000 143.750000 181.250000 131.250000 8.440207 0.125000 8.591489 
556.250000 47.500000 488.750000 93.750000 5.590237 0.125000 106.636749 
520.000000 0.000000 546.250000 41.250000 2.853486 0.125000 52.260360 
250.000000 91.250000 302.500000 91.250000 5.073865 0.125000 60.728050 
596.250000 21.250000 557.500000 47.500000 5.943502 0.125000 73.800113 
75.000000 53.750000 1.250000 0.000000 5.717309 0.125000 157.976211 
442.500000 46.250000 401.250000 43.750000 2.531392 0.125000 21.197107 
57.500000 8.750000 50.000000 21.250000 3.955128 0.125000 0.886325 
458.750000 35.000000 490.000000 0.000000 4.987316 0.125000 71.757041 
370.000000 242.500000 295.000000 242.500000 1.300089 0.125000 39.006914 
445.000000 123.750000 432.500000 132.500000 3.816129 0.125000 2.636674 
343.750000 92.500000 358.750000 92.500000 1.356935 0.007812 14.052631 
358.750000 38.750000 397.500000 41.250000 2.094561 0.125000 19.538058 
358.750000 91.250000 398.750000 91.250000 5.022049 0.125000 18.939018 
107.500000 66.250000 128.750000 30.000000 2.560405 0.125000 39.594503 
305.000000 88.750000 305.000000 72.500000 3.951986 0.125000 10.182960 
510.000000 216.250000 510.000000 136.250000 3.915142 0.125000 141.854293 
318.750000 37.500000 351.250000 38.750000 1.815642 0.125000 13.742776 
302.500000 70.000000 272.500000 70.000000 1.514360 0.125000 7.398764 
491.250000 28.750000 513.750000 65.000000 2.656701 0.125000 35.606978 
478.750000 127.500000 488.750000 123.750000 5.841937 0.125000 0.441549 
195.000000 95.000000 200.000000 100.000000 6.226519 0.125000 5.809312 
465.000000 83.750000 471.250000 95.000000 6.304885 0.125000 3.726390 
487.500000 91.250000 471.250000 65.000000 4.917499 0.125000 29.946098 
136.250000 7.500000 141.250000 12.500000 3.974080 0.125000 3.786404 
538.750000 228.750000 540.000000 121.250000 5.114919 0.125000 161.140389 
430.000000 70.000000 456.250000 37.500000 5.302415 0.125000 43.358251 
341.250000 70.000000 312.500000 70.000000 1.432566 0.125000 7.398764 
171.250000 65.000000 176.250000 72.500000 6.776962 0.125000 1.185865 
185.000000 78.750000 198.750000 93.750000 13.532288 0.125000 60.737309 
130.000000 0.000000 136.250000 6.250000 4.329458 0.125000 4.129397 
255.000000 241.250000 167.500000 243.750000 2.203459 0.125000 72.217292 
257.500000 36.250000 230.000000 36.250000 2.408521 0.125000 12.864407 
575.000000 0.000000 583.750000 15.000000 3.343488 0.125000 16.723961 
310.000000 91.250000 342.500000 92.500000 2.603542 0.125000 33.588374 
215.000000 220.000000 202.500000 226.250000 3.296414 0.125000 1.958453 
218.750000 41.250000 257.500000 38.750000 2.314101 0.125000 20.459611 
471.250000 50.000000 490.000000 81.250000 2.177096 0.125000 21.179259 
628.750000 0.000000 596.250000 21.250000 5.704427 0.125000 51.037586 
507.500000 47.500000 516.250000 62.500000 2.361346 0.125000 1.780432 
256.250000 141.250000 256.250000 198.750000 2.713872 0.125000 65.282954 
357.500000 198.750000 357.500000 138.750000 2.684705 0.125000 59.037374 
165.000000 46.250000 172.500000 53.750000 6.338874 0.125000 1.803873 
107.500000 310.000000 86.250000 320.000000 3.125737 0.125000 20.545968 
160.000000 52.500000 170.000000 65.000000 7.212982 0.125000 11.055185 
421.250000 80.000000 427.500000 72.500000 5.804382 0.062500 2.781952 
572.500000 18.750000 551.250000 35.000000 3.979352 0.125000 28.045094 
187.500000 201.250000 306.250000 201.250000 5.203476 0.125000 117.126567 
393.750000 240.000000 373.750000 240.000000 3.888695 0.125000 10.790694 
170.000000 201.250000 185.000000 201.250000 2.635337 0.125000 4.253342 
346.250000 76.250000 377.500000 77.500000 2.666293 0.125000 10.128142 
312.500000 67.500000 343.750000 68.750000 2.320511 0.125000 18.606859 
82.500000 23.750000 90.000000 11.250000 3.745884 0.125000 0.135546 
183.750000 198.750000 183.750000 173.750000 2.651971 0.125000 38.103824 
155.000000 17.500000 200.000000 15.000000 2.862754 0.125000 31.770076 
172.500000 53.750000 182.500000 68.750000 5.739420 0.125000 12.253541 
223.750000 217.500000 223.750000 237.500000 2.564990 0.125000 3.182866 
235.000000 77.500000 266.250000 75.000000 2.807048 0.125000 21.212016 
146.250000 97.500000 162.500000 68.750000 1.906031 0.125000 15.313282 
512.500000 135.000000 513.750000 216.250000 4.650162 0.125000 104.850975 
197.500000 92.500000 248.750000 91.250000 6.210144 0.125000 68.272675 
481.250000 0.000000 468.750000 12.500000 2.239922 0.125000 0.670918 
430.000000 173.750000 430.000000 198.750000 2.521417 0.125000 23.654384 
350.000000 40.000000 312.500000 38.750000 2.608794 0.125000 27.101025 
125.000000 25.000000 112.500000 10.000000 4.579658 0.125000 30.195794 
397.500000 52.500000 433.750000 53.750000 2.497431 0.125000 19.629531 
80.000000 322.500000 52.500000 336.250000 2.999864 0.125000 35.858383 
431.250000 200.000000 441.250000 200.000000 2.516432 0.125000 0.174044 
557.500000 86.250000 585.000000 68.750000 4.812095 0.125000 25.187269 
303.750000 38.750000 266.250000 40.000000 2.729182 0.125000 28.800245 
418.750000 13.750000 462.500000 16.250000 2.436587 0.125000 35.016376 
258.750000 41.250000 221.250000 43.750000 2.315867 0.125000 24.621598 
418.750000 93.750000 422.500000 88.750000 4.173070 0.062500 0.555317 
475.000000 47.500000 493.750000 78.750000 4.296329 0.125000 6.189442 
447.500000 385.000000 170.000000 386.250000 2.045766 0.125000 252.144945 
307.500000 137.500000 307.500000 198.750000 1.516466 0.125000 30.879104 
146.250000 20.000000 157.500000 33.750000 4.493379 0.125000 28.756549 
543.750000 245.000000 542.500000 261.250000 3.722002 0.125000 3.934127 
407.500000 95.000000 203.750000 95.000000 3.769889 0.125000 263.307499 
128.750000 301.250000 112.500000 307.500000 2.835095 0.125000 9.248442 
295.000000 232.500000 295.000000 216.250000 1.434684 0.062500 2.582284 
453.750000 298.750000 638.750000 392.500000 4.281658 0.125000 229.118710 
637.500000 473.750000 440.000000 478.750000 3.748737 0.125000 212.365325 
158.750000 107.500000 167.500000 92.500000 1.939943 0.125000 2.519232 
266.250000 70.000000 235.000000 72.500000 3.744924 0.125000 27.534406 
146.250000 53.750000 125.000000 90.000000 3.146939 0.125000 26.990838 
447.500000 242.500000 428.750000 242.500000 1.384628 0.031250 5.633468 
213.750000 43.750000 178.750000 46.250000 2.560528 0.125000 31.075879 
311.250000 211.250000 312.500000 236.250000 2.642351 0.125000 19.026169 
393.750000 42.500000 356.250000 41.250000 2.083200 0.125000 19.463360 
145.000000 293.750000 135.000000 298.750000 2.814833 0.125000 1.532907 
312.500000 33.750000 352.500000 32.500000 3.175682 0.125000 9.239826 
0.000000 393.750000 162.500000 301.250000 4.290112 0.125000 237.598396 
200.000000 78.750000 227.500000 78.750000 3.110545 0.125000 23.759781 
527.500000 216.250000 537.500000 216.250000 3.856878 0.125000 6.056341 
297.500000 36.250000 268.750000 36.250000 1.317084 0.125000 7.398764 
366.250000 11.250000 411.250000 13.750000 2.561398 0.125000 33.077555 
172.500000 43.750000 211.250000 42.500000 2.295354 0.125000 22.008024 
315.000000 240.000000 315.000000 211.250000 2.540052 0.125000 14.445090 
43.750000 340.000000 3.750000 357.500000 3.471291 0.125000 67.397823 
316.250000 241.250000 351.250000 241.250000 2.698868 0.125000 32.305294 
78.750000 52.500000 106.250000 6.250000 2.419299 0.125000 42.404986 
415.000000 88.750000 420.000000 80.000000 5.564582 0.125000 9.264760 
387.500000 35.000000 358.750000 35.000000 2.506889 0.125000 28.169834 
431.250000 77.500000 460.000000 46.250000 6.445997 0.125000 76.010343 
538.750000 121.250000 511.250000 135.000000 7.032286 0.125000 40.344397 
546.250000 263.750000 548.750000 251.250000 2.656960 0.125000 3.402252 
441.250000 82.500000 456.250000 106.250000 1.970532 0.125000 10.111600 
120.000000 0.000000 156.250000 46.250000 7.424505 0.125000 108.118850 
351.250000 35.000000 315.000000 35.000000 1.287474 0.125000 11.914214 
51.250000 22.500000 60.000000 30.000000 6.415571 0.125000 5.534082 
125.000000 50.000000 112.500000 70.000000 2.603155 0.125000 13.500257 
383.750000 77.500000 413.750000 78.750000 2.989928 0.125000 18.800843 
532.500000 48.750000 516.250000 60.000000 4.556688 0.125000 12.463867 
537.500000 317.500000 515.000000 308.750000 2.787715 0.125000 18.798841 
513.750000 217.500000 523.750000 216.250000 3.715681 0.125000 3.246990 
98.750000 0.000000 75.000000 40.000000 1.768954 0.125000 24.736438 
271.250000 68.750000 302.500000 67.500000 2.616476 0.125000 25.801891 
462.500000 45.000000 503.750000 0.000000 4.125120 0.125000 81.687571 
345.000000 211.250000 308.750000 210.000000 7.347045 0.125000 65.282054 
310.000000 201.250000 338.750000 200.000000 3.785787 0.125000 11.534977 
456.250000 158.750000 456.250000 198.750000 3.859594 0.125000 30.482193 
355.000000 235.000000 353.750000 211.250000 1.314736 0.125000 14.623484 
315.000000 8.750000 358.750000 10.000000 2.908566 0.125000 26.198850 
211.250000 13.750000 252.500000 11.250000 2.565836 0.125000 29.669503 
162.500000 68.750000 155.000000 60.000000 5.031755 0.125000 4.775235 
86.250000 321.250000 87.500000 341.250000 2.506188 0.125000 6.749510 
182.500000 132.500000 196.250000 108.750000 4.481802 0.125000 36.450391 
170.000000 388.750000 447.500000 387.500000 2.232546 0.125000 232.895868 
415.000000 108.750000 430.000000 131.250000 4.437655 0.125000 27.198123 
510.000000 135.000000 491.250000 143.750000 6.443540 0.125000 18.204834 
130.000000 32.500000 105.000000 73.750000 2.590023 0.125000 42.548309 
508.750000 325.000000 508.750000 307.500000 2.145328 0.125000 1.548880 
225.000000 51.250000 260.000000 50.000000 2.098782 0.125000 24.757541 
130.000000 87.500000 147.500000 57.500000 1.972046 0.125000 14.372963 
340.000000 200.000000 356.250000 201.250000 4.818416 0.125000 5.076295 
507.500000 306.250000 491.250000 298.750000 2.577569 0.125000 10.493022 
403.750000 41.250000 442.500000 43.750000 1.821419 0.125000 17.804221 
43.750000 26.250000 60.000000 0.000000 2.199557 0.125000 17.926313 
85.000000 6.250000 60.000000 7.500000 3.374840 0.125000 27.347585 
105.000000 2.500000 75.000000 51.250000 3.219061 0.125000 64.453005 
261.250000 10.000000 305.000000 8.750000 2.491781 0.125000 32.225566 
485.000000 297.500000 472.500000 291.250000 3.307928 0.125000 6.666887 
285.000000 237.500000 285.000000 222.500000 1.714136 0.125000 0.174044 
112.500000 72.500000 128.750000 71.250000 4.171318 0.125000 2.541508 
490.000000 142.500000 490.000000 226.250000 2.673310 0.125000 123.245224 
3.750000 360.000000 3.750000 388.750000 2.784160 0.125000 11.682745 
455.000000 67.500000 465.000000 82.500000 6.264068 0.125000 11.055185 
510.000000 8.750000 490.000000 27.500000 5.385286 0.125000 25.583445 
155.000000 85.000000 145.000000 101.250000 2.816994 0.062500 1.666558 
252.500000 13.750000 207.500000 16.250000 2.449951 0.125000 27.407386 
376.250000 71.250000 347.500000 70.000000 3.687347 0.125000 21.389900 
526.250000 0.000000 550.000000 37.500000 3.858755 0.125000 29.050466 
58.750000 23.750000 82.500000 21.250000 3.969794 0.125000 16.403858 
266.250000 38.750000 297.500000 37.500000 1.868384 0.125000 6.039570 
31.250000 7.500000 36.250000 13.750000 7.023732 0.125000 2.895543 
143.750000 46.250000 132.500000 32.500000 4.703225 0.125000 12.003665 
440.000000 171.250000 431.250000 171.250000 3.845082 0.125000 0.703387 
113.750000 308.750000 112.500000 326.250000 2.587768 0.125000 1.958453 
305.000000 246.250000 258.750000 246.250000 1.250000 0.125000 17.615513 
463.750000 56.250000 452.500000 66.250000 5.377288 0.125000 2.345256 
51.250000 337.500000 52.500000 361.250000 2.519261 0.125000 12.642741 
486.250000 313.750000 486.250000 298.750000 1.966222 0.125000 0.174044 
517.500000 7.500000 542.500000 50.000000 2.184141 0.125000 33.900671 
311.250000 73.750000 340.000000 75.000000 2.553686 0.125000 23.443123 
141.250000 53.750000 125.000000 80.000000 1.611169 0.125000 9.248442 
353.750000 48.750000 390.000000 51.250000 2.496646 0.125000 27.211560 
358.750000 33.750000 382.500000 33.750000 1.255043 0.125000 1.980224 
488.750000 82.500000 470.000000 52.500000 2.069695 0.125000 22.295656 
151.250000 255.000000 161.250000 252.500000 2.733997 0.125000 2.883314 
356.250000 12.500000 313.750000 10.000000 2.081322 0.125000 16.624354 
416.250000 207.500000 363.750000 208.750000 4.957265 0.125000 44.523205 
252.500000 237.500000 252.500000 212.500000 4.006234 0.125000 21.395246 
272.500000 75.000000 302.500000 73.750000 2.845403 0.125000 13.016973 
371.250000 210.000000 371.250000 241.250000 2.596041 0.125000 17.859200 
485.000000 32.500000 470.000000 48.750000 4.916975 0.125000 9.361451 
467.500000 100.000000 450.000000 71.250000 5.915296 0.125000 39.948283 
46.250000 260.000000 1.250000 266.250000 2.316340 0.125000 39.896642 
125.000000 30.000000 105.000000 63.750000 1.741317 0.125000 18.798841 
200.000000 16.250000 160.000000 18.750000 2.277968 0.125000 23.731948 
455.000000 18.750000 418.750000 16.250000 2.010937 0.125000 12.899253 
37.500000 92.500000 35.000000 83.750000 5.859730 0.125000 0.135546 
185.000000 53.750000 217.500000 52.500000 2.530651 0.125000 20.298100 
363.750000 201.250000 390.000000 200.000000 3.725927 0.125000 19.226164 
91.250000 36.250000 80.000000 56.250000 2.203137 0.125000 16.429664 
566.250000 0.000000 580.000000 21.250000 1.946331 0.125000 9.358628 
496.250000 142.500000 497.500000 217.500000 3.257019 0.125000 66.096723 
230.000000 80.000000 203.750000 81.250000 2.128007 0.125000 3.767986 
242.500000 213.750000 217.500000 211.250000 9.803043 0.125000 52.036661 
407.500000 15.000000 365.000000 13.750000 2.613253 0.125000 22.992104 
261.250000 51.250000 227.500000 53.750000 1.797111 0.125000 12.642741 
305.000000 10.000000 261.250000 12.500000 1.722944 0.125000 16.954160 
486.250000 225.000000 486.250000 142.500000 2.507208 0.125000 85.902594 
576.250000 335.000000 545.000000 321.250000 2.629377 0.125000 35.494229 
100.000000 25.000000 96.250000 35.000000 6.730540 0.125000 0.669536 
453.750000 202.500000 453.750000 155.000000 1.413509 0.125000 18.507363 
175.000000 82.500000 165.000000 71.250000 3.727501 0.125000 2.636674 
352.500000 211.250000 352.500000 235.000000 1.250000 0.125000 3.786404 
547.500000 50.000000 518.750000 2.500000 3.305150 0.125000 72.787121 
107.500000 327.500000 87.500000 338.750000 4.480442 0.125000 20.393850 
136.250000 81.250000 128.750000 92.500000 2.148540 0.125000 0.670918 
495.000000 26.250000 507.500000 46.250000 4.898051 0.125000 11.055185 
576.250000 347.500000 576.250000 335.000000 2.684453 0.125000 6.495674 
391.250000 200.000000 427.500000 201.250000 3.716168 0.125000 32.724020 
276.250000 158.750000 278.750000 171.250000 3.003257 0.125000 9.204944 
467.500000 226.250000 467.500000 150.000000 1.270481 0.125000 36.747267 
485.000000 311.250000 472.500000 305.000000 3.374840 0.125000 11.011124 
163.750000 301.250000 452.500000 298.750000 2.272023 0.125000 278.216493 
408.750000 81.250000 382.500000 80.000000 1.929645 0.125000 8.386548 
360.000000 138.750000 360.000000 198.750000 2.578605 0.125000 35.190876 
107.500000 75.000000 127.500000 41.250000 2.072168 0.125000 2.712197 
253.750000 200.000000 253.750000 173.750000 1.250000 0.125000 3.402252 
310.000000 275.000000 426.250000 275.000000 4.238736 0.125000 136.164153 
515.000000 7.500000 510.000000 0.000000 3.038855 0.125000 2.883314 
145.000000 307.500000 135.000000 312.500000 3.351549 0.125000 9.204944 
507.500000 321.250000 491.250000 313.750000 3.558480 0.125000 18.144193 
453.750000 107.500000 440.000000 85.000000 1.340251 0.125000 6.495674 
471.250000 57.500000 487.500000 85.000000 1.717605 0.125000 9.225675 
1.250000 270.000000 48.750000 262.500000 2.553896 0.125000 39.884636 
81.250000 255.000000 51.250000 258.750000 2.196965 0.125000 15.191554 
413.750000 73.750000 386.250000 73.750000 2.443618 0.125000 18.798841 
102.500000 16.250000 98.750000 23.750000 2.541175 0.125000 0.174044 
143.750000 67.500000 136.250000 80.000000 1.708425 0.125000 1.077134 
441.250000 38.750000 406.250000 37.500000 1.760572 0.125000 12.642741 
158.750000 210.000000 158.750000 156.250000 2.540961 0.125000 50.515054 
413.750000 237.500000 415.000000 210.000000 3.626327 0.125000 21.665635 
536.250000 335.000000 515.000000 325.000000 4.137873 0.125000 21.521073 
456.250000 198.750000 456.250000 226.250000 1.535872 0.125000 2.473146 
573.750000 353.750000 540.000000 338.750000 4.221959 0.125000 28.682006 
312.500000 47.500000 346.250000 48.750000 2.379467 0.125000 13.723456 
97.500000 37.500000 117.500000 37.500000 3.331865 0.125000 3.590044 
356.250000 246.250000 307.500000 246.250000 1.252307 0.125000 21.848204 
461.250000 15.000000 471.250000 3.750000 2.897973 0.125000 11.914214 
471.250000 150.000000 471.250000 223.750000 3.891142 0.125000 54.849624 
150.000000 231.250000 150.000000 243.750000 2.543591 0.125000 5.592584 
218.750000 53.750000 191.250000 56.250000 2.355428 0.125000 16.079571 
543.750000 118.750000 543.750000 228.750000 2.717290 0.125000 123.380142 
173.750000 112.500000 183.750000 92.500000 5.673988 0.125000 8.565642 
53.750000 338.750000 76.250000 327.500000 1.790969 0.125000 6.666887 
173.750000 180.000000 173.750000 198.750000 2.766442 0.125000 14.623484 
306.250000 198.750000 306.250000 141.250000 2.513110 0.125000 62.950503 
503.750000 261.250000 537.500000 267.500000 3.487404 0.125000 19.398809 
55.000000 266.250000 105.000000 257.500000 2.890551 0.125000 41.066566 
106.250000 322.500000 108.750000 311.250000 5.403285 0.125000 1.934918 
427.500000 198.750000 426.250000 140.000000 4.903637 0.125000 67.142547 
107.500000 7.500000 105.000000 15.000000 3.215053 0.062500 0.302957 
132.500000 315.000000 115.000000 322.500000 4.305966 0.125000 9.354881 
513.750000 62.500000 495.000000 31.250000 1.474113 0.125000 9.248442 
166.250000 430.000000 165.000000 306.250000 1.867272 0.125000 87.409965 
521.250000 22.500000 513.750000 8.750000 7.189505 0.125000 7.928597 
538.750000 267.500000 637.500000 287.500000 2.724729 0.125000 96.640466 
23.750000 93.750000 0.000000 82.500000 4.560957 0.125000 31.649081 
431.250000 297.500000 185.000000 298.750000 1.941293 0.125000 200.888354 
81.250000 342.500000 53.750000 357.500000 4.208756 0.125000 39.853073 
173.750000 241.250000 173.750000 225.000000 2.537712 0.125000 4.099232 
43.750000 362.500000 5.000000 383.750000 3.398484 0.125000 64.286645 
56.250000 0.000000 40.000000 25.000000 3.995523 0.125000 33.895545 
187.500000 158.750000 186.250000 173.750000 4.695179 0.125000 3.169153 
256.250000 210.000000 256.250000 241.250000 2.802124 0.125000 25.466650 
628.750000 357.500000 583.750000 337.500000 2.841140 0.125000 46.639310 
148.750000 156.250000 148.750000 197.500000 1.626970 0.125000 23.654384 
455.000000 251.250000 472.500000 255.000000 3.404372 0.125000 3.670647 
312.500000 85.000000 335.000000 87.500000 2.971872 0.125000 6.805921 
508.750000 62.500000 490.000000 31.250000 2.201372 0.125000 30.122991 
511.250000 230.000000 537.500000 230.000000 1.358784 0.125000 4.689494 
536.250000 212.500000 517.500000 212.500000 1.350055 0.031250 3.295945 
338.750000 77.500000 311.250000 76.250000 1.481457 0.125000 7.398764 
257.500000 171.250000 270.000000 171.250000 4.095868 0.125000 12.271301 
268.750000 48.750000 302.500000 47.500000 2.372412 0.125000 14.680312 
121.250000 57.500000 133.750000 57.500000 2.568758 0.125000 1.637185 
248.750000 156.250000 241.250000 170.000000 2.803552 0.125000 2.601837 
578.750000 231.250000 578.750000 133.750000 3.717682 0.125000 134.738721 
586.250000 23.750000 570.000000 0.000000 4.147051 0.125000 33.919512 
432.500000 273.750000 442.500000 273.750000 2.724084 0.031250 0.934839 
466.250000 33.750000 496.250000 0.000000 2.051167 0.125000 16.801478 
516.250000 201.250000 536.250000 200.000000 1.621848 0.125000 4.689494 
88.750000 321.250000 106.250000 313.750000 1.836712 0.125000 3.402252 
47.500000 115.000000 48.750000 205.000000 1.858591 0.125000 76.945130 
146.250000 190.000000 146.250000 163.750000 1.526957 0.125000 5.592584 
247.500000 293.750000 303.750000 293.750000 3.995831 0.125000 89.629033 
447.500000 107.500000 438.750000 90.000000 3.989584 0.125000 16.206295 
270.000000 156.250000 257.500000 156.250000 2.508046 0.125000 2.519232 
300.000000 132.500000 260.000000 132.500000 1.295692 0.125000 14.623484 
268.750000 87.500000 302.500000 86.250000 2.295302 0.125000 19.463360 
413.750000 115.000000 361.250000 113.750000 10.569029 0.125000 144.266300 
561.250000 88.750000 577.500000 82.500000 5.576779 0.125000 19.402357 
357.500000 115.000000 307.500000 113.750000 8.956343 0.125000 173.647604 
3.750000 372.500000 43.750000 352.500000 5.690966 0.125000 50.995038 
252.500000 246.250000 190.000000 246.250000 1.846327 0.125000 40.870117 
272.500000 170.000000 270.000000 156.250000 2.915948 0.125000 6.942493 
302.500000 76.250000 273.750000 77.500000 1.685098 0.125000 1.958453 
547.500000 38.750000 523.750000 0.000000 1.588107 0.125000 16.059565 
186.250000 175.000000 186.250000 200.000000 1.305498 0.125000 4.689494 
43.750000 102.500000 26.250000 96.250000 4.022271 0.125000 15.215578 
427.500000 240.000000 427.500000 208.750000 2.552096 0.125000 29.228311 
386.250000 53.750000 353.750000 51.250000 1.533487 0.125000 8.386548 
537.500000 208.750000 517.500000 210.000000 1.811575 0.125000 1.548880 
633.750000 110.000000 633.750000 82.500000 5.038604 0.125000 9.617391 
0.000000 111.250000 42.500000 110.000000 2.989499 0.125000 57.018315 
515.000000 317.500000 537.500000 328.750000 5.028524 0.125000 19.160511 
52.500000 348.750000 80.000000 333.750000 5.471160 0.125000 44.382748 
307.500000 208.750000 307.500000 236.250000 1.507424 0.125000 4.286159 
178.750000 172.500000 175.000000 187.500000 6.423741 0.125000 16.072866 
302.500000 48.750000 268.750000 51.250000 2.329968 0.125000 18.633851 
326.250000 232.500000 342.500000 231.250000 2.640484 0.125000 4.099232 
356.250000 160.000000 336.250000 160.000000 2.980484 0.125000 12.076887 
427.500000 273.750000 427.500000 246.250000 2.625262 0.125000 23.863967 
50.000000 85.000000 58.750000 88.750000 7.237478 0.125000 0.999543 
68.750000 477.500000 151.250000 387.500000 2.904500 0.125000 111.479504 
345.000000 51.250000 312.500000 48.750000 2.277839 0.125000 13.861243 
48.750000 95.000000 38.750000 91.250000 5.066637 0.125000 4.775235 
115.000000 40.000000 92.500000 41.250000 1.645883 0.125000 5.170877 
45.000000 203.750000 45.000000 105.000000 2.463127 0.125000 46.560113 
51.250000 261.250000 80.000000 257.500000 2.099014 0.125000 13.575454 
187.500000 276.250000 253.750000 276.250000 2.522594 0.125000 76.910208 
408.750000 212.500000 381.250000 212.500000 1.294765 0.125000 6.495674 
112.500000 255.000000 131.250000 251.250000 4.547621 0.125000 11.441789 
352.500000 132.500000 312.500000 132.500000 1.392971 0.125000 14.623484 
276.250000 206.250000 266.250000 208.750000 4.106101 0.125000 1.780432 
445.000000 80.000000 458.750000 105.000000 4.019945 0.125000 1.465803 
132.500000 405.000000 115.000000 422.500000 2.678053 0.125000 19.908646 
251.250000 133.750000 190.000000 133.750000 1.445229 0.125000 30.879104 
256.250000 247.500000 256.250000 275.000000 2.512772 0.125000 21.675012 
71.250000 261.250000 0.000000 273.750000 2.206803 0.125000 25.477580 
113.750000 317.500000 128.750000 310.000000 5.010698 0.125000 7.333576 
145.000000 167.500000 146.250000 151.250000 1.527670 0.125000 5.592584 
150.000000 218.750000 150.000000 230.000000 2.748223 0.062500 0.275782 
311.250000 292.500000 368.750000 292.500000 2.583341 0.125000 67.905793 
433.750000 253.750000 432.500000 273.750000 4.974623 0.125000 23.989408 
488.750000 306.250000 507.500000 315.000000 4.457800 0.125000 13.247402 
576.250000 235.000000 555.000000 233.750000 2.128636 0.031250 0.593171 
148.750000 198.750000 148.750000 217.500000 1.389732 0.125000 2.519232 
148.750000 5.000000 156.250000 16.250000 3.090101 0.125000 4.953386 
335.000000 160.000000 333.750000 173.750000 1.496474 0.125000 1.637185 
327.500000 160.000000 313.750000 158.750000 2.588088 0.125000 6.495674 
473.750000 202.500000 485.000000 202.500000 4.066953 0.031250 2.479501 
136.250000 307.500000 146.250000 300.000000 4.506415 0.125000 6.039570 
290.000000 157.500000 278.750000 156.250000 2.960524 0.125000 4.286159 
517.500000 203.750000 536.250000 202.500000 1.576456 0.062500 2.858497 
173.750000 92.500000 168.750000 103.750000 2.803553 0.062500 0.840522 
485.000000 398.750000 470.000000 385.000000 2.200014 0.125000 10.233822 
627.500000 381.250000 583.750000 358.750000 3.914569 0.125000 51.185944 
616.250000 87.500000 606.250000 92.500000 3.109022 0.062500 2.523308 
83.750000 256.250000 107.500000 253.750000 1.595836 0.125000 6.056341 
162.500000 306.250000 163.750000 372.500000 1.757109 0.125000 43.865996 
0.000000 276.250000 53.750000 266.250000 2.635155 0.125000 38.597149 
82.500000 243.750000 81.250000 121.250000 2.354113 0.125000 105.093097 
146.250000 450.000000 136.250000 465.000000 2.130824 0.125000 10.108034 
6.250000 360.000000 43.750000 342.500000 2.191085 0.125000 19.065572 
306.250000 236.250000 306.250000 211.250000 1.398582 0.125000 4.689494 
440.000000 117.500000 431.250000 102.500000 1.496354 0.125000 1.077134 
291.250000 168.750000 290.000000 158.750000 3.554379 0.062500 4.107419 
6.250000 96.250000 22.500000 95.000000 2.082826 0.125000 6.495674 
417.500000 132.500000 360.000000 132.500000 1.497575 0.125000 26.363654 
491.250000 78.750000 475.000000 51.250000 1.252933 0.125000 4.099232 
306.250000 113.750000 197.500000 115.000000 10.096572 0.125000 286.140326 
442.500000 271.250000 442.500000 253.750000 1.344219 0.062500 2.582284 
472.500000 298.750000 485.000000 305.000000 3.950774 0.125000 9.248442 
492.500000 258.750000 502.500000 260.000000 2.076009 0.062500 0.258002 
257.500000 275.000000 303.750000 272.500000 6.584941 0.125000 63.946487 
441.250000 197.500000 441.250000 178.750000 2.597107 0.125000 12.271301 
158.750000 250.000000 158.750000 232.500000 2.630626 0.125000 10.493022 
223.750000 73.750000 197.500000 75.000000 2.359872 0.125000 9.471539 
302.500000 88.750000 271.250000 88.750000 1.250000 0.125000 9.204944 
113.750000 425.000000 90.000000 448.750000 2.446904 0.125000 23.759781 
425.000000 246.250000 372.500000 247.500000 1.635956 0.125000 47.146764 
632.500000 82.500000 616.250000 90.000000 3.940189 0.125000 9.795423 
83.750000 133.750000 85.000000 243.750000 2.247062 0.125000 83.955695 
116.250000 7.500000 133.750000 27.500000 2.417542 0.125000 19.026169 
452.500000 442.500000 476.250000 475.000000 2.951358 0.125000 25.589450 
582.500000 240.000000 582.500000 265.000000 1.576427 0.125000 12.817304 
266.250000 78.750000 238.750000 78.750000 2.055560 0.125000 11.109883 
508.750000 425.000000 535.000000 451.250000 2.679737 0.125000 23.165284 
585.000000 110.000000 631.250000 111.250000 1.640027 0.125000 39.415260 
590.000000 352.500000 603.750000 358.750000 5.205972 0.125000 1.332472 
538.750000 265.000000 540.000000 232.500000 3.867852 0.125000 18.957950 
426.250000 278.750000 310.000000 278.750000 2.564783 0.125000 137.902331 
467.500000 386.250000 507.500000 423.750000 2.442976 0.125000 50.340490 
485.000000 463.750000 471.250000 446.250000 2.515564 0.125000 10.931463 
540.000000 230.000000 595.000000 232.500000 3.168600 0.125000 22.054123 
186.250000 208.750000 186.250000 241.250000 2.736685 0.125000 41.989490 
187.500000 293.750000 241.250000 293.750000 3.053739 0.125000 85.217967 
198.750000 73.750000 225.000000 71.250000 1.564241 0.125000 8.716658 
87.500000 331.250000 107.500000 321.250000 4.506428 0.125000 23.792873 
173.750000 275.000000 173.750000 247.500000 2.524263 0.125000 12.076887 
110.000000 251.250000 87.500000 253.750000 1.797253 0.125000 4.997929 
495.000000 230.000000 510.000000 228.750000 4.381589 0.125000 2.120503 
582.500000 338.750000 582.500000 350.000000 2.551406 0.125000 1.637185 
630.000000 98.750000 585.000000 98.750000 3.751581 0.125000 32.001581 
428.750000 55.000000 396.250000 53.750000 2.194786 0.125000 7.826929 
537.500000 452.500000 558.750000 472.500000 2.043420 0.125000 21.184562 
130.000000 200.000000 130.000000 143.750000 1.339891 0.125000 24.757541 
136.250000 32.500000 151.250000 47.500000 2.466052 0.125000 7.526052 
361.250000 90.000000 310.000000 88.750000 1.541892 0.125000 25.651320 
507.500000 456.250000 525.000000 473.750000 2.457553 0.125000 17.615513 
145.000000 150.000000 133.750000 143.750000 2.255223 0.125000 0.756209 
146.250000 216.250000 146.250000 197.500000 2.658685 0.125000 2.164312 
371.250000 80.000000 347.500000 78.750000 1.929981 0.125000 10.493022 
422.500000 128.750000 416.250000 117.500000 7.504121 0.125000 1.356052 
536.250000 205.000000 517.500000 206.250000 1.538642 0.125000 1.980224 
101.250000 477.500000 115.000000 458.750000 2.343762 0.125000 17.332754 
132.500000 203.750000 132.500000 237.500000 1.266419 0.125000 11.011124 
251.250000 443.750000 261.250000 443.750000 1.250000 0.015625 1.980224 
163.750000 293.750000 178.750000 293.750000 2.504800 0.125000 5.170877 
173.750000 217.500000 173.750000 211.250000 2.696567 0.062500 0.258002 
108.750000 222.500000 108.750000 135.000000 1.368203 0.125000 49.843993 
103.750000 130.000000 85.000000 122.500000 2.967895 0.125000 11.017623 
543.750000 233.750000 542.500000 242.500000 2.919418 0.125000 1.637185 
632.500000 232.500000 633.750000 110.000000 2.816166 0.125000 148.915583 
128.750000 247.500000 111.250000 251.250000 2.079806 0.125000 6.942493 
262.500000 443.750000 316.250000 443.750000 1.363506 0.125000 24.557474 
336.250000 87.500000 361.250000 88.750000 1.884295 0.125000 0.348603 
536.250000 446.250000 511.250000 422.500000 2.245787 0.125000 30.195794 
186.250000 140.000000 187.500000 158.750000 3.743357 0.125000 7.290356 
305.000000 141.250000 265.000000 141.250000 5.234662 0.125000 65.357421 
131.250000 146.250000 132.500000 200.000000 1.850768 0.125000 47.134723 
308.750000 256.250000 308.750000 273.750000 1.402184 0.062500 1.432296 
196.250000 121.250000 187.500000 130.000000 7.090912 0.125000 4.948918 
143.750000 226.250000 145.000000 217.500000 5.791690 0.125000 0.135546 
85.000000 455.000000 63.750000 477.500000 2.432540 0.125000 26.545294 
508.750000 421.250000 490.000000 402.500000 2.173999 0.125000 14.358939 
166.250000 443.750000 250.000000 443.750000 1.306739 0.125000 46.231633 
357.500000 240.000000 357.500000 210.000000 1.306088 0.125000 8.301854 
596.250000 233.750000 637.500000 235.000000 2.097806 0.125000 32.807966 
147.500000 388.750000 135.000000 401.250000 1.974686 0.125000 1.548880 
143.750000 477.500000 165.000000 443.750000 2.431152 0.125000 28.850418 
510.000000 258.750000 510.000000 231.250000 2.662026 0.125000 2.337204 
242.500000 431.250000 188.750000 431.250000 1.397187 0.125000 30.879104 
486.250000 26.250000 506.250000 6.250000 2.427497 0.125000 14.051266 
367.500000 430.000000 312.500000 430.000000 2.406688 0.125000 31.243135 
576.250000 272.500000 548.750000 266.250000 2.256038 0.125000 7.995929 
253.750000 278.750000 187.500000 280.000000 2.789662 0.125000 75.398189 
373.750000 292.500000 427.500000 291.250000 3.155184 0.125000 84.072097 
80.000000 120.000000 68.750000 115.000000 2.168305 0.125000 0.756209 
436.250000 78.750000 447.500000 67.500000 2.026634 0.125000 0.756209 
437.500000 120.000000 427.500000 102.500000 2.205264 0.125000 2.601837 
517.500000 197.500000 536.250000 195.000000 1.429171 0.062500 2.858497 
586.250000 88.750000 575.000000 95.000000 5.371827 0.125000 2.441276 
485.000000 143.750000 472.500000 148.750000 3.040644 0.125000 7.611083 
112.500000 457.500000 96.250000 477.500000 2.455020 0.125000 19.399498 
128.750000 142.500000 117.500000 137.500000 2.336850 0.062500 1.410586 
563.750000 473.750000 542.500000 452.500000 2.252344 0.125000 22.077467 
51.250000 245.000000 80.000000 245.000000 1.250000 0.125000 7.398764 
557.500000 337.500000 575.000000 346.250000 4.502440 0.125000 3.048394 
48.750000 207.500000 48.750000 255.000000 1.308242 0.125000 20.945114 
187.500000 246.250000 187.500000 275.000000 4.015902 0.125000 36.461188 
517.500000 211.250000 536.250000 211.250000 1.250000 0.125000 0.174044 
517.500000 190.000000 535.000000 187.500000 1.250000 0.062500 2.582284 
212.500000 233.750000 192.500000 233.750000 4.070960 0.125000 19.463360 
467.500000 46.250000 482.500000 31.250000 1.787701 0.125000 5.170877 
162.500000 157.500000 161.250000 227.500000 3.134618 0.125000 62.470174 
430.000000 440.000000 247.500000 441.250000 1.745931 0.125000 144.126475 
15.000000 245.000000 45.000000 245.000000 1.250000 0.125000 8.301854 
146.250000 237.500000 146.250000 226.250000 1.584618 0.031250 2.685173 
357.500000 273.750000 358.750000 247.500000 2.506435 0.125000 25.460564 
253.750000 273.750000 253.750000 247.500000 1.518765 0.125000 5.592584 
303.750000 430.000000 248.750000 431.250000 1.588599 0.125000 58.874893 
427.500000 430.000000 372.500000 430.000000 1.449912 0.125000 27.439455 
158.750000 431.250000 152.500000 441.250000 2.107537 0.125000 1.077134 
453.750000 395.000000 465.000000 407.500000 1.763084 0.125000 1.637185 
360.000000 217.500000 361.250000 236.250000 2.993712 0.125000 4.253342 
582.500000 145.000000 583.750000 228.750000 1.376127 0.125000 82.177449 
152.500000 16.250000 145.000000 5.000000 3.288796 0.125000 5.809312 
306.250000 272.500000 305.000000 247.500000 2.518811 0.125000 13.491046 
482.500000 475.000000 471.250000 460.000000 2.103737 0.125000 9.204944 
453.750000 246.250000 453.750000 228.750000 2.514010 0.125000 9.604584 
637.500000 362.500000 636.250000 377.500000 1.577508 0.125000 1.637185 
486.250000 242.500000 486.250000 233.750000 1.909026 0.062500 0.555317 
528.750000 473.750000 510.000000 453.750000 2.151897 0.125000 15.501532 
138.750000 472.500000 148.750000 452.500000 3.491436 0.125000 1.303924 
252.500000 141.250000 242.500000 141.250000 2.508033 0.125000 1.077134 
307.500000 280.000000 278.750000 278.750000 3.815097 0.125000 9.261043 
336.250000 175.000000 356.250000 175.000000 2.700941 0.125000 8.184705 
318.750000 443.750000 451.250000 442.500000 1.935122 0.125000 113.702765 
85.000000 132.500000 100.000000 131.250000 1.493401 0.125000 4.689494 
111.250000 136.250000 111.250000 223.750000 1.515171 0.125000 54.325204 
438.750000 291.250000 451.250000 292.500000 1.308376 0.125000 1.077134 
437.500000 182.500000 435.000000 173.750000 3.873558 0.125000 2.396814 
630.000000 283.750000 602.500000 278.750000 1.250000 0.125000 5.592584 
28.750000 98.750000 0.000000 100.000000 2.598821 0.125000 20.320840 
46.250000 243.750000 46.250000 210.000000 1.359463 0.125000 11.011124 
65.000000 133.750000 78.750000 131.250000 2.298240 0.125000 0.703387 
153.750000 411.250000 162.500000 398.750000 1.804690 0.125000 0.756209 
108.750000 386.250000 90.000000 386.250000 1.250000 0.125000 0.174044 
115.000000 458.750000 136.250000 432.500000 1.697652 0.125000 7.011905 
163.750000 376.250000 163.750000 393.750000 1.250000 0.062500 3.786404 
277.500000 278.750000 257.500000 278.750000 1.279937 0.125000 0.174044 
162.500000 270.000000 162.500000 285.000000 1.419928 0.062500 1.378164 
542.500000 361.250000 542.500000 383.750000 1.260236 0.125000 2.883314 
82.500000 15.000000 58.750000 15.000000 1.450128 0.125000 6.056341 
228.750000 85.000000 206.250000 85.000000 1.250000 0.125000 2.883314 
628.750000 278.750000 618.750000 276.250000 1.779957 0.062500 0.174044 
241.250000 141.250000 201.250000 141.250000 3.794424 0.125000 36.600165 
542.500000 385.000000 541.250000 448.750000 1.670829 0.125000 36.756868 
190.000000 436.250000 243.750000 436.250000 1.676657 0.125000 24.924533 
242.500000 441.250000 187.500000 441.250000 1.250000 0.125000 26.363654 
340.000000 142.500000 308.750000 140.000000 9.665587 0.125000 48.902471 
465.000000 408.750000 482.500000 427.500000 1.430690 0.125000 7.398764 
370.000000 272.500000 370.000000 255.000000 1.290705 0.015625 2.482517 
373.750000 435.000000 427.500000 435.000000 2.582257 0.125000 29.702288 
491.250000 45.000000 482.500000 52.500000 4.044486 0.125000 1.151674 
466.250000 440.000000 458.750000 428.750000 2.208404 0.125000 2.519232 
147.500000 463.750000 137.500000 477.500000 2.393447 0.125000 0.147484 
360.000000 247.500000 361.250000 272.500000 1.380791 0.125000 15.526574 
453.750000 223.750000 455.000000 205.000000 0.959521 0.062500 0.174044 
452.500000 272.500000 453.750000 252.500000 2.540505 0.125000 14.623484 
570.000000 110.000000 552.500000 116.250000 3.203345 0.125000 10.106851 
86.250000 245.000000 106.250000 245.000000 1.250000 0.125000 1.077134 
600.000000 276.250000 628.750000 281.250000 2.006432 0.125000 11.786454 
181.250000 431.250000 167.500000 431.250000 1.498658 0.062500 0.258002 
250.000000 436.250000 303.750000 435.000000 1.412651 0.125000 54.325204 
411.250000 140.000000 371.250000 141.250000 4.191178 0.125000 74.771116 
327.500000 435.000000 367.500000 435.000000 1.267522 0.125000 14.623484 
517.500000 386.250000 535.000000 386.250000 1.250000 0.031250 3.295945 
90.000000 388.750000 108.750000 388.750000 1.250000 0.125000 0.174044 
490.000000 327.500000 490.000000 382.500000 1.250000 0.125000 26.363654 
325.000000 123.750000 311.250000 122.500000 1.415971 0.125000 2.883314 
483.750000 428.750000 496.250000 442.500000 2.217480 0.062500 0.966641 
546.250000 243.750000 563.750000 243.750000 1.389026 0.062500 3.786404 
320.000000 323.750000 357.500000 323.750000 1.250000 0.125000 13.720394 
587.500000 135.000000 588.750000 157.500000 1.330826 0.125000 12.271301 
57.500000 241.250000 57.500000 225.000000 1.405205 0.062500 0.258002 
137.500000 431.250000 151.250000 412.500000 2.352899 0.125000 3.419379 
400.000000 177.500000 411.250000 172.500000 1.537694 0.062500 0.174044 
475.000000 460.000000 482.500000 471.250000 2.032167 0.062500 0.953405 
315.000000 203.750000 343.750000 203.750000 1.275047 0.125000 6.495674 
548.750000 227.500000 547.500000 212.500000 1.704392 0.031250 0.934839 
418.750000 383.750000 418.750000 365.000000 1.250000 0.125000 0.174044 
163.750000 398.750000 165.000000 433.750000 1.826022 0.125000 24.047693 
258.750000 323.750000 276.250000 323.750000 1.281745 0.031250 0.414407 
450.000000 430.000000 436.250000 428.750000 1.394420 0.125000 1.077134 
597.500000 265.000000 597.500000 240.000000 1.403370 0.125000 2.519232 
108.750000 241.250000 108.750000 226.250000 1.385735 0.125000 1.077134 
25.000000 132.500000 42.500000 132.500000 1.250000 0.062500 2.582284 
380.000000 393.750000 417.500000 393.750000 1.250000 0.125000 13.720394 
366.250000 97.500000 391.250000 97.500000 1.250000 0.125000 4.689494 
578.750000 130.000000 580.000000 113.750000 1.964993 0.125000 3.786404 
116.250000 400.000000 125.000000 391.250000 1.250000 0.062500 3.786404 
518.750000 243.750000 537.500000 243.750000 1.250000 0.125000 0.174044 
377.500000 367.500000 378.750000 383.750000 1.712340 0.125000 2.519232 
116.250000 226.250000 115.000000 237.500000 1.419691 0.062500 2.858497 
83.750000 426.250000 83.750000 413.750000 1.250000 0.015625 2.751225 
538.750000 302.500000 538.750000 276.250000 1.250000 0.125000 5.592584 
83.750000 412.500000 83.750000 391.250000 1.287403 0.125000 1.980224 
456.250000 341.250000 456.250000 368.750000 1.250000 0.125000 6.495674 
178.750000 218.750000 178.750000 241.250000 1.250000 0.125000 2.883314 
630.000000 243.750000 630.000000 265.000000 1.250000 0.125000 1.980224 
431.250000 215.000000 432.500000 240.000000 1.995238 0.125000 6.196813 
