21.250000 278.750000 25.000000 183.750000 7.492611 0.125000 207.794681 
417.500000 32.500000 421.250000 2.500000 6.184495 0.125000 35.367548 
26.250000 162.500000 15.000000 156.250000 5.704995 0.125000 3.169153 
522.500000 67.500000 526.250000 81.250000 5.755864 0.125000 17.147866 
495.000000 40.000000 501.250000 65.000000 5.953187 0.125000 22.504585 
91.250000 102.500000 103.750000 95.000000 4.583820 0.125000 6.260105 
520.000000 56.250000 521.250000 65.000000 4.715620 0.125000 2.396814 
418.750000 51.250000 418.750000 36.250000 6.225702 0.125000 9.560024 
430.000000 27.500000 455.000000 41.250000 6.049952 0.125000 36.363648 
105.000000 95.000000 108.750000 81.250000 3.869534 0.125000 9.225675 
428.750000 13.750000 432.500000 28.750000 5.810074 0.125000 16.624354 
118.750000 86.250000 131.250000 80.000000 6.796900 0.125000 10.173109 
388.750000 42.500000 413.750000 53.750000 4.901599 0.125000 20.957598 
498.750000 65.000000 513.750000 72.500000 5.131851 0.125000 8.664045 
238.750000 13.750000 245.000000 25.000000 6.232485 0.125000 5.825180 
342.500000 46.250000 341.250000 25.000000 3.201948 0.125000 23.863967 
27.500000 147.500000 31.250000 133.750000 5.857030 0.125000 8.584472 
131.250000 80.000000 137.500000 66.250000 4.479912 0.125000 8.184705 
145.000000 71.250000 227.500000 25.000000 6.754623 0.125000 190.328276 
581.250000 0.000000 637.500000 48.750000 3.982276 0.125000 84.400811 
38.750000 132.500000 80.000000 108.750000 5.466676 0.125000 54.858495 
480.000000 45.000000 488.750000 56.250000 5.740234 0.125000 4.536295 
328.750000 20.000000 321.250000 0.000000 6.878650 0.125000 21.164004 
525.000000 83.750000 527.500000 97.500000 4.940556 0.125000 3.169153 
425.000000 2.500000 427.500000 12.500000 4.461867 0.125000 5.867784 
27.500000 170.000000 26.250000 163.750000 4.031830 0.125000 3.786404 
515.000000 65.000000 515.000000 57.500000 3.161016 0.125000 0.670918 
638.750000 52.500000 575.000000 0.000000 4.525021 0.125000 89.414183 
453.750000 28.750000 453.750000 20.000000 3.749267 0.125000 0.703387 
15.000000 153.750000 27.500000 147.500000 3.998005 0.125000 7.011905 
460.000000 33.750000 461.250000 40.000000 5.403392 0.125000 2.396814 
80.000000 110.000000 83.750000 97.500000 4.327081 0.125000 3.182866 
492.500000 51.250000 492.500000 42.500000 2.913229 0.125000 3.402252 
488.750000 366.250000 462.500000 370.000000 2.985268 0.125000 18.633851 
233.750000 13.750000 233.750000 2.500000 3.749093 0.125000 12.817304 
460.000000 362.500000 448.750000 371.250000 4.135816 0.125000 13.575454 
307.500000 48.750000 321.250000 55.000000 6.410689 0.125000 14.766425 
473.750000 357.500000 438.750000 360.000000 3.487703 0.125000 16.705302 
302.500000 41.250000 307.500000 47.500000 4.240623 0.125000 4.286159 
608.750000 136.250000 626.250000 133.750000 4.064767 0.125000 4.207845 
265.000000 26.250000 272.500000 35.000000 4.540267 0.125000 4.574683 
272.500000 35.000000 291.250000 42.500000 6.730531 0.125000 26.882856 
528.750000 108.750000 530.000000 132.500000 4.091182 0.125000 20.701080 
238.750000 0.000000 238.750000 13.750000 3.761684 0.125000 11.786454 
337.500000 25.000000 338.750000 46.250000 2.544433 0.125000 13.742776 
620.000000 131.250000 618.750000 121.250000 5.112701 0.125000 3.182866 
623.750000 117.500000 621.250000 106.250000 5.018597 0.125000 1.934918 
390.000000 41.250000 386.250000 0.000000 3.940484 0.125000 30.206429 
501.250000 367.500000 488.750000 362.500000 3.225027 0.125000 0.348603 
371.250000 41.250000 370.000000 0.000000 3.972359 0.125000 54.255609 
586.250000 116.250000 597.500000 116.250000 5.204552 0.125000 1.083064 
596.250000 117.500000 597.500000 126.250000 3.276669 0.125000 0.174044 
447.500000 372.500000 421.250000 373.750000 6.742877 0.125000 61.931483 
572.500000 120.000000 585.000000 116.250000 4.812299 0.125000 3.670647 
328.750000 51.250000 328.750000 20.000000 5.345834 0.125000 72.739047 
396.250000 12.500000 401.250000 46.250000 10.721612 0.125000 86.845003 
538.750000 137.500000 545.000000 148.750000 4.476257 0.125000 2.636674 
620.000000 366.250000 597.500000 362.500000 5.483314 0.125000 4.358157 
628.750000 100.000000 636.250000 98.750000 5.153266 0.125000 0.147484 
290.000000 56.250000 317.500000 67.500000 3.737592 0.125000 13.130570 
437.500000 362.500000 458.750000 361.250000 2.981609 0.125000 3.446150 
346.250000 0.000000 346.250000 15.000000 2.903093 0.125000 13.720394 
628.750000 365.000000 631.250000 352.500000 6.059709 0.125000 0.265564 
595.000000 156.250000 607.500000 153.750000 6.313581 0.125000 9.354881 
477.500000 360.000000 490.000000 365.000000 2.396070 0.125000 2.519232 
621.250000 353.750000 615.000000 357.500000 3.889105 0.125000 0.756209 
455.000000 375.000000 497.500000 368.750000 4.848906 0.125000 41.016684 
213.750000 392.500000 207.500000 402.500000 2.130961 0.125000 0.174044 
363.750000 0.000000 366.250000 42.500000 5.718178 0.125000 84.760014 
182.500000 307.500000 182.500000 326.250000 2.519860 0.125000 8.386548 
353.750000 361.250000 352.500000 372.500000 5.569219 0.125000 2.541508 
403.750000 346.250000 401.250000 366.250000 5.176485 0.125000 2.783056 
343.750000 355.000000 342.500000 341.250000 1.901694 0.125000 3.402252 
125.000000 93.750000 147.500000 81.250000 3.288897 0.125000 8.855096 
427.500000 387.500000 440.000000 385.000000 6.088980 0.125000 16.116347 
248.750000 160.000000 266.250000 163.750000 2.430496 0.125000 1.780432 
570.000000 141.250000 570.000000 132.500000 3.146343 0.125000 0.670918 
292.500000 46.250000 292.500000 56.250000 3.669987 0.125000 0.147484 
182.500000 328.750000 182.500000 338.750000 2.635856 0.125000 0.670918 
332.500000 6.250000 333.750000 47.500000 2.620384 0.125000 40.780469 
357.500000 371.250000 365.000000 362.500000 4.900904 0.125000 0.135546 
348.750000 58.750000 355.000000 68.750000 3.492426 0.125000 2.473146 
352.500000 40.000000 351.250000 0.000000 3.697469 0.125000 50.022795 
338.750000 341.250000 340.000000 355.000000 3.136216 0.062500 0.408038 
382.500000 0.000000 383.750000 41.250000 6.209526 0.125000 61.033527 
625.000000 192.500000 610.000000 197.500000 3.343506 0.125000 0.886325 
5.000000 118.750000 31.250000 125.000000 3.820829 0.125000 9.038917 
381.250000 40.000000 380.000000 8.750000 2.496319 0.125000 22.038579 
595.000000 368.750000 612.500000 367.500000 1.546705 0.125000 2.396754 
250.000000 41.250000 283.750000 55.000000 3.143488 0.125000 26.715011 
336.250000 26.250000 337.500000 2.500000 4.064791 0.125000 27.144772 
63.750000 195.000000 65.000000 180.000000 1.953290 0.125000 0.670918 
582.500000 115.000000 581.250000 106.250000 3.000419 0.125000 1.637185 
596.250000 362.500000 582.500000 371.250000 3.139552 0.125000 4.574683 
401.250000 57.500000 388.750000 51.250000 2.733070 0.125000 0.703387 
390.000000 52.500000 347.500000 52.500000 5.054218 0.125000 36.023267 
162.500000 261.250000 180.000000 267.500000 2.103258 0.125000 6.942493 
357.500000 42.500000 356.250000 5.000000 4.123717 0.125000 44.140180 
627.500000 227.500000 626.250000 216.250000 3.627923 0.125000 4.099232 
291.250000 212.500000 310.000000 215.000000 4.319339 0.125000 10.128142 
371.250000 68.750000 383.750000 65.000000 6.713842 0.125000 6.731141 
455.000000 206.250000 453.750000 188.750000 3.153618 0.125000 9.264760 
32.500000 127.500000 1.250000 120.000000 1.909246 0.125000 10.182960 
450.000000 190.000000 451.250000 205.000000 1.718943 0.125000 6.495674 
533.750000 351.250000 533.750000 361.250000 2.749144 0.062500 1.410586 
421.250000 108.750000 433.750000 113.750000 2.501514 0.125000 4.689494 
375.000000 6.250000 377.500000 42.500000 5.159830 0.125000 35.367548 
395.000000 1.250000 393.750000 12.500000 5.092269 0.125000 5.788353 
370.000000 76.250000 371.250000 86.250000 2.501014 0.062500 1.705319 
362.500000 225.000000 381.250000 228.750000 3.093728 0.125000 11.841411 
122.500000 243.750000 101.250000 240.000000 2.130830 0.125000 3.426210 
261.250000 160.000000 261.250000 138.750000 2.588491 0.125000 13.742776 
283.750000 328.750000 282.500000 308.750000 1.420143 0.125000 7.829280 
371.250000 43.750000 388.750000 42.500000 2.623778 0.062500 1.158151 
368.750000 146.250000 370.000000 163.750000 1.775692 0.125000 2.396754 
388.750000 351.250000 387.500000 310.000000 2.089539 0.125000 29.316123 
343.750000 76.250000 342.500000 63.750000 5.176694 0.125000 0.286208 
283.750000 353.750000 282.500000 331.250000 1.510322 0.125000 12.817304 
538.750000 388.750000 448.750000 398.750000 4.553053 0.125000 94.334928 
618.750000 206.250000 627.500000 203.750000 5.147250 0.125000 0.575154 
235.000000 70.000000 432.500000 138.750000 3.724399 0.125000 175.333703 
335.000000 257.500000 335.000000 238.750000 3.804786 0.125000 6.012883 
253.750000 88.750000 277.500000 95.000000 4.781439 0.125000 13.735009 
390.000000 186.250000 388.750000 151.250000 3.414644 0.125000 21.480487 
447.500000 116.250000 497.500000 103.750000 2.637838 0.125000 38.286546 
112.500000 196.250000 113.750000 180.000000 3.606520 0.125000 5.788353 
390.000000 373.750000 388.750000 353.750000 1.834307 0.125000 10.108034 
96.250000 243.750000 95.000000 272.500000 3.010064 0.125000 32.305294 
333.750000 115.000000 355.000000 120.000000 4.176048 0.125000 14.821336 
345.000000 16.250000 346.250000 42.500000 6.290910 0.125000 27.106426 
455.000000 151.250000 473.750000 157.500000 3.492037 0.125000 19.672070 
250.000000 205.000000 272.500000 210.000000 3.162546 0.125000 20.397953 
302.500000 237.500000 302.500000 222.500000 2.667699 0.125000 4.997929 
447.500000 400.000000 401.250000 401.250000 5.676551 0.125000 50.838998 
295.000000 102.500000 313.750000 107.500000 4.188429 0.125000 14.833502 
277.500000 117.500000 278.750000 248.750000 3.611893 0.125000 163.139422 
280.000000 306.250000 280.000000 355.000000 2.905390 0.125000 49.168042 
518.750000 173.750000 537.500000 180.000000 4.203069 0.125000 6.577662 
112.500000 176.250000 115.000000 160.000000 3.871790 0.125000 7.186681 
348.750000 138.750000 351.250000 215.000000 3.361634 0.125000 99.582371 
87.500000 187.500000 87.500000 172.500000 2.828500 0.125000 2.768676 
483.750000 161.250000 507.500000 170.000000 3.289175 0.125000 31.912824 
530.000000 256.250000 521.250000 267.500000 4.069967 0.125000 2.124351 
291.250000 196.250000 313.750000 201.250000 4.472162 0.125000 15.796554 
311.250000 403.750000 341.250000 401.250000 3.612246 0.125000 28.045094 
250.000000 188.750000 276.250000 195.000000 5.295329 0.125000 27.902743 
380.000000 390.000000 361.250000 390.000000 2.611152 0.125000 5.833400 
607.500000 478.750000 637.500000 468.750000 3.451850 0.125000 26.469340 
363.750000 125.000000 420.000000 142.500000 4.026656 0.125000 45.237674 
366.250000 203.750000 351.250000 223.750000 2.267649 0.125000 5.384351 
272.500000 380.000000 250.000000 382.500000 2.345407 0.125000 8.375046 
168.750000 135.000000 168.750000 152.500000 2.647338 0.125000 3.426210 
315.000000 128.750000 316.250000 188.750000 3.960376 0.125000 44.320886 
637.500000 382.500000 568.750000 385.000000 4.845463 0.125000 75.855744 
252.500000 107.500000 267.500000 111.250000 2.079115 0.125000 3.786404 
138.750000 170.000000 137.500000 187.500000 1.612575 0.125000 2.396814 
268.750000 170.000000 251.250000 166.250000 2.980414 0.125000 4.574683 
485.000000 232.500000 495.000000 235.000000 4.843378 0.125000 0.312695 
391.250000 23.750000 392.500000 42.500000 1.704642 0.125000 6.056341 
42.500000 140.000000 80.000000 118.750000 2.900501 0.125000 31.770076 
141.250000 186.250000 142.500000 170.000000 3.496026 0.125000 10.950610 
376.250000 140.000000 376.250000 132.500000 3.246949 0.125000 1.077134 
313.750000 208.750000 291.250000 205.000000 3.945690 0.125000 21.291033 
500.000000 98.750000 511.250000 111.250000 2.297753 0.125000 3.246990 
278.750000 95.000000 295.000000 100.000000 2.394662 0.125000 0.147484 
438.750000 137.500000 460.000000 145.000000 2.422872 0.125000 10.975946 
328.750000 203.750000 348.750000 208.750000 5.175020 0.125000 15.565909 
353.750000 215.000000 370.000000 195.000000 3.548303 0.125000 10.173109 
277.500000 251.250000 292.500000 253.750000 4.189548 0.125000 8.807652 
286.250000 63.750000 310.000000 71.250000 2.772264 0.125000 2.541508 
346.250000 177.500000 343.750000 121.250000 4.224244 0.125000 40.058547 
488.750000 212.500000 488.750000 198.750000 2.636618 0.125000 6.056341 
418.750000 202.500000 417.500000 161.250000 2.913243 0.125000 26.582539 
603.750000 217.500000 611.250000 290.000000 2.924056 0.125000 83.555945 
311.250000 72.500000 337.500000 81.250000 2.870907 0.125000 5.825180 
341.250000 400.000000 406.250000 393.750000 2.259104 0.125000 32.173032 
410.000000 158.750000 413.750000 235.000000 2.689992 0.125000 57.834474 
393.750000 231.250000 410.000000 233.750000 2.684275 0.125000 9.604584 
580.000000 210.000000 586.250000 287.500000 3.012894 0.125000 89.236734 
356.250000 113.750000 335.000000 107.500000 1.685318 0.125000 10.108034 
236.250000 292.500000 300.000000 297.500000 3.241583 0.125000 62.252049 
316.250000 191.250000 317.500000 253.750000 3.995713 0.125000 53.340027 
460.000000 123.750000 477.500000 130.000000 5.465895 0.125000 12.730959 
520.000000 81.250000 498.750000 70.000000 3.183425 0.125000 5.378098 
291.250000 118.750000 305.000000 122.500000 1.906694 0.125000 0.174044 
370.000000 166.250000 370.000000 183.750000 2.717907 0.125000 5.809312 
625.000000 292.500000 621.250000 247.500000 2.833995 0.125000 38.167792 
198.750000 408.750000 198.750000 385.000000 2.661347 0.125000 6.805921 
496.250000 235.000000 507.500000 237.500000 3.456688 0.125000 7.611083 
592.500000 213.750000 598.750000 287.500000 2.919161 0.125000 77.146693 
616.250000 221.250000 617.500000 247.500000 4.108195 0.125000 9.686287 
385.000000 313.750000 387.500000 373.750000 2.729716 0.125000 55.139676 
522.500000 313.750000 522.500000 303.750000 2.837655 0.125000 3.786404 
615.000000 290.000000 612.500000 271.250000 3.809762 0.125000 15.377051 
307.500000 178.750000 291.250000 175.000000 3.344342 0.125000 8.424434 
337.500000 160.000000 337.500000 176.250000 3.055854 0.125000 18.507363 
342.500000 186.250000 327.500000 183.750000 2.828877 0.125000 0.962227 
633.750000 211.250000 620.000000 213.750000 2.470924 0.125000 4.286159 
493.750000 321.250000 501.250000 310.000000 3.087817 0.125000 0.348603 
327.500000 105.000000 308.750000 98.750000 4.484256 0.125000 0.027473 
260.000000 82.500000 237.500000 75.000000 1.990652 0.125000 14.623484 
286.250000 91.250000 273.750000 86.250000 2.057418 0.125000 1.980224 
318.750000 356.250000 318.750000 331.250000 1.368804 0.125000 4.689494 
375.000000 131.250000 362.500000 127.500000 3.590656 0.125000 0.821341 
386.250000 126.250000 376.250000 122.500000 2.126729 0.062500 2.582284 
495.000000 160.000000 470.000000 151.250000 3.028329 0.125000 10.422069 
230.000000 452.500000 273.750000 446.250000 2.375952 0.125000 34.019037 
312.500000 171.250000 310.000000 122.500000 4.030134 0.125000 30.909901 
550.000000 220.000000 553.750000 283.750000 2.939270 0.125000 50.376979 
638.750000 191.250000 627.500000 193.750000 5.790014 0.125000 7.383152 
108.750000 418.750000 0.000000 426.250000 3.146388 0.125000 88.044453 
243.750000 370.000000 245.000000 401.250000 3.476044 0.125000 10.490969 
380.000000 150.000000 382.500000 186.250000 2.119291 0.125000 22.001267 
435.000000 275.000000 433.750000 246.250000 1.814245 0.125000 9.248442 
617.500000 248.750000 622.500000 291.250000 2.599585 0.125000 38.343108 
287.500000 386.250000 288.750000 372.500000 1.474425 0.125000 1.980224 
352.500000 233.750000 351.250000 248.750000 2.332517 0.125000 0.808235 
411.250000 133.750000 401.250000 131.250000 1.626297 0.062500 0.174044 
300.000000 167.500000 298.750000 148.750000 3.837745 0.125000 4.780064 
402.500000 152.500000 403.750000 173.750000 1.654419 0.125000 0.703387 
520.000000 241.250000 530.000000 243.750000 4.620991 0.125000 5.083046 
547.500000 201.250000 548.750000 215.000000 1.781354 0.125000 1.077134 
613.750000 152.500000 617.500000 177.500000 2.625987 0.125000 11.122025 
158.750000 222.500000 178.750000 217.500000 2.728724 0.125000 10.077844 
391.250000 223.750000 390.000000 208.750000 3.026162 0.125000 4.989986 
391.250000 145.000000 403.750000 151.250000 6.722607 0.125000 3.029482 
196.250000 400.000000 171.250000 401.250000 3.055759 0.125000 8.391956 
237.500000 453.750000 165.000000 465.000000 2.379511 0.125000 53.524283 
233.750000 43.750000 286.250000 63.750000 2.583084 0.125000 32.967856 
420.000000 222.500000 437.500000 227.500000 3.908671 0.125000 4.029827 
307.500000 98.750000 295.000000 93.750000 2.076659 0.125000 2.883314 
325.000000 187.500000 327.500000 155.000000 3.759471 0.125000 14.352180 
327.500000 130.000000 338.750000 132.500000 1.765755 0.062500 1.432296 
360.000000 196.250000 360.000000 171.250000 2.700043 0.125000 17.804221 
396.250000 378.750000 393.750000 335.000000 3.025524 0.125000 23.772477 
427.500000 140.000000 415.000000 136.250000 2.765122 0.062500 0.275782 
577.500000 188.750000 612.500000 201.250000 2.586332 0.125000 22.342490 
451.250000 227.500000 468.750000 232.500000 5.976694 0.125000 9.361451 
492.500000 67.500000 460.000000 50.000000 3.050124 0.125000 21.018005 
477.500000 176.250000 481.250000 228.750000 3.087072 0.125000 58.631535 
558.750000 282.500000 557.500000 261.250000 2.896420 0.125000 13.500257 
288.750000 332.500000 288.750000 302.500000 1.609807 0.125000 7.611083 
362.500000 211.250000 381.250000 215.000000 5.634947 0.125000 16.328097 
376.250000 123.750000 358.750000 116.250000 4.386166 0.125000 4.139041 
382.500000 190.000000 383.750000 233.750000 3.370196 0.125000 25.094224 
395.000000 307.500000 412.500000 306.250000 1.712608 0.125000 3.402252 
412.500000 125.000000 372.500000 110.000000 3.766723 0.125000 31.744893 
286.250000 301.250000 306.250000 302.500000 1.840476 0.125000 4.997929 
306.250000 123.750000 307.500000 167.500000 1.766131 0.125000 28.333797 
468.750000 150.000000 453.750000 145.000000 3.609697 0.062500 2.645721 
127.500000 230.000000 143.750000 226.250000 2.731429 0.125000 7.611083 
487.500000 135.000000 517.500000 146.250000 4.012892 0.125000 20.195065 
543.750000 185.000000 575.000000 195.000000 2.469202 0.125000 20.318603 
126.250000 467.500000 228.750000 452.500000 3.066264 0.125000 77.969416 
310.000000 396.250000 273.750000 396.250000 3.799789 0.125000 34.362997 
403.750000 141.250000 392.500000 137.500000 4.042237 0.125000 7.525999 
420.000000 182.500000 422.500000 198.750000 1.871010 0.125000 1.532907 
422.500000 235.000000 436.250000 238.750000 3.010903 0.125000 0.147484 
540.000000 176.250000 573.750000 188.750000 2.774585 0.125000 17.198144 
57.500000 405.000000 26.250000 402.500000 2.360053 0.125000 11.415481 
235.000000 80.000000 253.750000 86.250000 3.373477 0.125000 4.705985 
371.250000 110.000000 360.000000 106.250000 3.676476 0.125000 1.780432 
360.000000 135.000000 373.750000 140.000000 3.167385 0.125000 8.484361 
610.000000 161.250000 612.500000 178.750000 2.671747 0.125000 0.821341 
308.750000 111.250000 298.750000 106.250000 3.733224 0.125000 0.147484 
358.750000 170.000000 358.750000 141.250000 5.161982 0.125000 14.052609 
106.250000 142.500000 217.500000 90.000000 3.256454 0.125000 126.859569 
398.750000 296.250000 355.000000 293.750000 5.250484 0.125000 57.889367 
520.000000 165.000000 535.000000 172.500000 2.481149 0.125000 0.962227 
547.500000 207.500000 543.750000 186.250000 1.969940 0.125000 1.151674 
0.000000 430.000000 56.250000 425.000000 2.592013 0.125000 30.805987 
160.000000 181.250000 177.500000 176.250000 1.994250 0.125000 0.808235 
195.000000 212.500000 217.500000 206.250000 3.842712 0.125000 13.016973 
263.750000 141.250000 263.750000 158.750000 1.343362 0.031250 5.633468 
381.250000 222.500000 362.500000 218.750000 4.023398 0.125000 17.751421 
573.750000 276.250000 572.500000 263.750000 2.893587 0.125000 2.396814 
352.500000 300.000000 401.250000 302.500000 2.905488 0.125000 48.399047 
410.000000 396.250000 361.250000 401.250000 2.255784 0.125000 30.512970 
582.500000 196.250000 591.250000 200.000000 3.196572 0.125000 0.670918 
260.000000 287.500000 236.250000 285.000000 6.093349 0.125000 26.853578 
272.500000 86.250000 261.250000 82.500000 1.941222 0.125000 0.174044 
286.250000 305.000000 286.250000 352.500000 2.406537 0.125000 49.838096 
142.500000 165.000000 142.500000 151.250000 4.480586 0.125000 5.217734 
248.750000 353.750000 248.750000 330.000000 2.684175 0.125000 14.443920 
523.750000 170.000000 511.250000 165.000000 1.910734 0.125000 1.077134 
565.000000 215.000000 570.000000 285.000000 2.694308 0.125000 52.651568 
273.750000 125.000000 270.000000 100.000000 5.603643 0.125000 14.420370 
318.750000 327.500000 318.750000 317.500000 2.529820 0.031250 4.002767 
360.000000 401.250000 340.000000 402.500000 1.834800 0.125000 5.592584 
300.000000 290.000000 272.500000 287.500000 6.749440 0.125000 41.593206 
460.000000 168.750000 462.500000 210.000000 4.208263 0.125000 55.989002 
497.500000 222.500000 485.000000 220.000000 3.271011 0.125000 4.953386 
150.000000 80.000000 167.500000 70.000000 2.717017 0.125000 10.931463 
403.750000 190.000000 401.250000 157.500000 1.930304 0.125000 25.460564 
427.500000 53.750000 530.000000 105.000000 1.971700 0.125000 83.914033 
310.000000 441.250000 403.750000 427.500000 2.137327 0.125000 68.665429 
518.750000 228.750000 518.750000 240.000000 2.799358 0.125000 5.592584 
168.750000 402.500000 196.250000 405.000000 2.534788 0.125000 12.780111 
275.000000 201.250000 250.000000 197.500000 4.720960 0.125000 22.818992 
377.500000 233.750000 378.750000 270.000000 2.460427 0.125000 25.419077 
435.000000 207.500000 421.250000 205.000000 3.920088 0.125000 2.124351 
577.500000 373.750000 542.500000 376.250000 3.610944 0.125000 25.408387 
375.000000 377.500000 395.000000 375.000000 2.493415 0.125000 5.083046 
153.750000 110.000000 233.750000 71.250000 2.300944 0.125000 51.301438 
345.000000 337.500000 346.250000 356.250000 1.815296 0.125000 6.495674 
588.750000 278.750000 587.500000 266.250000 1.800267 0.062500 3.786404 
591.250000 200.000000 616.250000 208.750000 3.113998 0.125000 8.092769 
112.500000 271.250000 125.000000 270.000000 3.119844 0.125000 2.396814 
425.000000 197.500000 423.750000 182.500000 3.310442 0.125000 11.109883 
452.500000 251.250000 455.000000 275.000000 4.061657 0.125000 14.766425 
503.750000 110.000000 528.750000 140.000000 3.636640 0.125000 15.873743 
531.250000 220.000000 527.500000 182.500000 3.736227 0.125000 40.034772 
533.750000 267.500000 532.500000 253.750000 2.638503 0.062500 1.417214 
626.250000 311.250000 597.500000 310.000000 3.251844 0.125000 18.416214 
276.250000 355.000000 276.250000 337.500000 1.285969 0.031250 3.295945 
290.000000 113.750000 307.500000 120.000000 2.903624 0.125000 4.574683 
470.000000 100.000000 480.000000 98.750000 3.743057 0.062500 1.349178 
203.750000 165.000000 203.750000 143.750000 2.793639 0.125000 17.804221 
310.000000 121.250000 307.500000 111.250000 5.940254 0.125000 1.934918 
570.000000 238.750000 568.750000 215.000000 3.246039 0.125000 1.646909 
167.500000 177.500000 167.500000 157.500000 2.836811 0.125000 7.995929 
290.000000 360.000000 288.750000 335.000000 2.676126 0.125000 23.654384 
331.250000 396.250000 317.500000 395.000000 6.340041 0.125000 8.664045 
335.000000 175.000000 335.000000 158.750000 1.604668 0.125000 1.980224 
428.750000 78.750000 430.000000 88.750000 3.346606 0.125000 2.396754 
487.500000 252.500000 488.750000 272.500000 3.134675 0.125000 4.449435 
523.750000 222.500000 522.500000 193.750000 1.319097 0.125000 6.056341 
341.250000 135.000000 342.500000 177.500000 1.709078 0.125000 20.791600 
375.000000 266.250000 373.750000 251.250000 5.119530 0.125000 11.595037 
431.250000 200.000000 430.000000 181.250000 1.694638 0.125000 3.402252 
517.500000 158.750000 475.000000 142.500000 3.388954 0.125000 30.723051 
532.500000 243.750000 531.250000 225.000000 3.118326 0.125000 11.786454 
236.250000 173.750000 236.250000 207.500000 3.952495 0.125000 46.158319 
311.250000 87.500000 237.500000 61.250000 3.414560 0.125000 86.011464 
426.250000 177.500000 425.000000 165.000000 1.914289 0.125000 2.519232 
455.000000 186.250000 453.750000 171.250000 2.846874 0.125000 0.808235 
523.750000 187.500000 526.250000 220.000000 3.344213 0.125000 37.477185 
373.750000 186.250000 371.250000 148.750000 1.832091 0.125000 25.651320 
380.000000 212.500000 380.000000 190.000000 2.529004 0.125000 1.641849 
511.250000 100.000000 448.750000 70.000000 5.729706 0.125000 118.518749 
507.500000 235.000000 503.750000 177.500000 5.279883 0.125000 78.628820 
111.250000 273.750000 110.000000 260.000000 3.677471 0.125000 2.964457 
302.500000 220.000000 291.250000 216.250000 7.081739 0.125000 5.684777 
386.250000 448.750000 423.750000 442.500000 2.723328 0.125000 22.481818 
402.500000 52.500000 383.750000 45.000000 3.182102 0.125000 0.753657 
417.500000 351.250000 417.500000 332.500000 2.363383 0.125000 10.493022 
558.750000 423.750000 536.250000 421.250000 3.031147 0.125000 6.805921 
266.250000 35.000000 256.250000 27.500000 5.592170 0.125000 0.669536 
548.750000 263.750000 550.000000 285.000000 1.457746 0.125000 1.637185 
603.750000 232.500000 598.750000 205.000000 1.224632 0.125000 1.532907 
28.750000 403.750000 56.250000 407.500000 1.815022 0.125000 10.975946 
187.500000 198.750000 218.750000 191.250000 2.435624 0.125000 8.850643 
263.750000 116.250000 263.750000 135.000000 1.499841 0.031250 2.285482 
290.000000 170.000000 291.250000 148.750000 3.479182 0.125000 3.901389 
413.750000 353.750000 413.750000 373.750000 2.680332 0.125000 11.109883 
533.750000 143.750000 542.500000 155.000000 2.819925 0.125000 0.808235 
602.500000 287.500000 600.000000 268.750000 2.276267 0.125000 8.484361 
362.500000 372.500000 361.250000 387.500000 2.547323 0.125000 0.808235 
413.750000 236.250000 415.000000 266.250000 2.033649 0.125000 13.575454 
0.000000 216.250000 20.000000 218.750000 1.865946 0.125000 6.942493 
228.750000 478.750000 311.250000 462.500000 2.836587 0.125000 70.357585 
275.000000 446.250000 308.750000 441.250000 1.965288 0.125000 20.791600 
553.750000 432.500000 581.250000 437.500000 2.714886 0.125000 19.463360 
582.500000 291.250000 581.250000 267.500000 2.275769 0.125000 7.690483 
302.500000 148.750000 302.500000 168.750000 2.682872 0.125000 20.545968 
318.750000 257.500000 327.500000 257.500000 3.973065 0.125000 6.495674 
407.500000 273.750000 406.250000 253.750000 1.945530 0.125000 4.129397 
531.250000 248.750000 521.250000 247.500000 2.750915 0.125000 0.756209 
271.250000 98.750000 253.750000 93.750000 5.888557 0.125000 16.827520 
270.000000 222.500000 270.000000 252.500000 1.250000 0.125000 8.301854 
353.750000 102.500000 336.250000 96.250000 3.133637 0.125000 13.742776 
373.750000 145.000000 377.500000 188.750000 4.014300 0.125000 35.841161 
410.000000 220.000000 410.000000 198.750000 2.457553 0.125000 4.398520 
436.250000 232.500000 422.500000 230.000000 3.041461 0.125000 4.099232 
465.000000 330.000000 477.500000 328.750000 2.916324 0.062500 5.214968 
495.000000 191.250000 497.500000 213.750000 4.803611 0.125000 23.795562 
610.000000 237.500000 607.500000 217.500000 3.026784 0.125000 0.018556 
247.500000 172.500000 247.500000 151.250000 1.336303 0.125000 1.980224 
271.250000 166.250000 248.750000 161.250000 1.507683 0.125000 3.402252 
311.250000 283.750000 333.750000 286.250000 1.915611 0.125000 9.604584 
401.250000 380.000000 376.250000 382.500000 3.127967 0.125000 27.439455 
466.250000 237.500000 453.750000 235.000000 3.094893 0.125000 0.147484 
535.000000 426.250000 556.250000 430.000000 3.920091 0.125000 9.354881 
337.500000 136.250000 326.250000 133.750000 4.970914 0.125000 6.039570 
393.750000 330.000000 392.500000 308.750000 2.459043 0.125000 11.841411 
575.000000 182.500000 541.250000 168.750000 7.895392 0.125000 61.492399 
202.500000 268.750000 201.250000 237.500000 2.907271 0.125000 10.932045 
226.250000 105.000000 225.000000 212.500000 2.949380 0.125000 67.663668 
250.000000 102.500000 270.000000 107.500000 2.875121 0.125000 9.350146 
473.750000 142.500000 442.500000 131.250000 5.036355 0.125000 25.501338 
505.000000 255.000000 506.250000 282.500000 2.699704 0.125000 6.291696 
553.750000 236.250000 553.750000 218.750000 3.145631 0.062500 1.158151 
215.000000 198.750000 195.000000 205.000000 3.815472 0.125000 20.298100 
202.500000 140.000000 203.750000 121.250000 1.558256 0.125000 7.398764 
520.000000 146.250000 508.750000 135.000000 2.816653 0.125000 6.738865 
372.500000 290.000000 407.500000 292.500000 1.760771 0.125000 19.399498 
398.750000 218.750000 408.750000 221.250000 6.167472 0.125000 1.934918 
452.500000 240.000000 465.000000 242.500000 2.295803 0.125000 2.883314 
470.000000 230.000000 465.000000 162.500000 5.540484 0.125000 89.148554 
31.250000 177.500000 107.500000 141.250000 2.621192 0.125000 79.699216 
431.250000 161.250000 432.500000 198.750000 1.946475 0.125000 18.667938 
538.750000 167.500000 522.500000 161.250000 4.140135 0.125000 13.611780 
20.000000 180.000000 0.000000 177.500000 1.961028 0.125000 4.129397 
247.500000 383.750000 277.500000 382.500000 1.867208 0.125000 9.264760 
305.000000 146.250000 305.000000 127.500000 1.250000 0.125000 0.174044 
310.000000 175.000000 291.250000 171.250000 1.250000 0.125000 0.174044 
95.000000 273.750000 108.750000 275.000000 1.430325 0.062500 0.174044 
188.750000 406.250000 135.000000 402.500000 1.861124 0.125000 23.879911 
418.750000 370.000000 417.500000 353.750000 2.448146 0.125000 8.716658 
171.250000 103.750000 130.000000 123.750000 2.049384 0.125000 41.716184 
452.500000 106.250000 451.250000 88.750000 1.315582 0.125000 0.174044 
473.750000 291.250000 532.500000 296.250000 1.970111 0.125000 21.808044 
115.000000 438.750000 50.000000 445.000000 3.496437 0.125000 45.905112 
262.500000 378.750000 262.500000 357.500000 1.264248 0.125000 1.980224 
408.750000 193.750000 408.750000 167.500000 1.309768 0.125000 3.402252 
480.000000 447.500000 463.750000 446.250000 3.530316 0.125000 3.419379 
466.250000 56.250000 480.000000 63.750000 2.296047 0.062500 0.372136 
526.250000 107.500000 517.500000 102.500000 3.842970 0.125000 2.473146 
541.250000 237.500000 542.500000 246.250000 1.833341 0.062500 1.378164 
201.250000 122.500000 200.000000 165.000000 1.609398 0.125000 28.169834 
262.500000 326.250000 262.500000 303.750000 1.284935 0.125000 2.883314 
276.250000 326.250000 275.000000 305.000000 1.568626 0.125000 13.720394 
336.250000 153.750000 335.000000 142.500000 1.710450 0.125000 1.980224 
351.250000 463.750000 333.750000 463.750000 2.627574 0.062500 0.370155 
382.500000 46.250000 347.500000 47.500000 3.593599 0.125000 19.713211 
382.500000 263.750000 381.250000 242.500000 2.554888 0.125000 10.975946 
437.500000 205.000000 435.000000 165.000000 4.151572 0.125000 29.991140 
635.000000 215.000000 636.250000 237.500000 2.818471 0.125000 15.218728 
237.500000 102.500000 227.500000 106.250000 2.372051 0.125000 1.077134 
268.750000 113.750000 268.750000 161.250000 1.250000 0.125000 20.945114 
293.750000 131.250000 293.750000 143.750000 2.585759 0.125000 0.703387 
361.250000 391.250000 350.000000 390.000000 3.233066 0.125000 7.829280 
442.500000 67.500000 427.500000 58.750000 5.747443 0.125000 26.249826 
466.250000 392.500000 486.250000 391.250000 2.086757 0.125000 7.829280 
498.750000 253.750000 500.000000 280.000000 1.683446 0.125000 11.011124 
516.250000 313.750000 522.500000 326.250000 2.712865 0.062500 3.640612 
45.000000 446.250000 0.000000 450.000000 3.542841 0.125000 32.521893 
55.000000 442.500000 10.000000 442.500000 2.500664 0.125000 35.606978 
190.000000 413.750000 160.000000 416.250000 3.654737 0.125000 14.333866 
232.500000 75.000000 172.500000 103.750000 2.157332 0.125000 56.888119 
435.000000 163.750000 433.750000 155.000000 2.605500 0.125000 1.077134 
481.250000 313.750000 483.750000 322.500000 2.094766 0.062500 0.258002 
128.750000 98.750000 155.000000 85.000000 2.267246 0.125000 2.235165 
168.750000 70.000000 191.250000 57.500000 2.900835 0.125000 24.924533 
215.000000 473.750000 375.000000 446.250000 2.580742 0.125000 101.950345 
342.500000 395.000000 343.750000 377.500000 3.603301 0.125000 3.446150 
510.000000 283.750000 508.750000 245.000000 3.253273 0.125000 16.437626 
600.000000 241.250000 597.500000 230.000000 4.119881 0.125000 5.217734 
15.000000 440.000000 36.250000 435.000000 2.683989 0.125000 11.786454 
260.000000 450.000000 238.750000 453.750000 2.865840 0.125000 2.235165 
425.000000 442.500000 465.000000 442.500000 2.563633 0.125000 4.467280 
503.750000 301.250000 490.000000 301.250000 4.289130 0.125000 3.767986 
606.250000 192.500000 593.750000 188.750000 6.983248 0.125000 7.776927 
100.000000 237.500000 112.500000 233.750000 2.336874 0.125000 2.883314 
268.750000 53.750000 248.750000 47.500000 1.508106 0.125000 0.670918 
411.250000 292.500000 440.000000 295.000000 1.878772 0.125000 8.424434 
395.000000 105.000000 427.500000 117.500000 2.057911 0.125000 5.249769 
521.250000 302.500000 511.250000 301.250000 3.864986 0.125000 0.808235 
35.000000 432.500000 7.500000 437.500000 2.467608 0.125000 7.042010 
141.250000 421.250000 108.750000 420.000000 2.357796 0.125000 21.179259 
233.750000 247.500000 247.500000 248.750000 4.883879 0.125000 9.405231 
543.750000 196.250000 545.000000 217.500000 2.075529 0.125000 6.738865 
593.750000 188.750000 578.750000 181.250000 7.493621 0.125000 23.832204 
73.750000 245.000000 86.250000 241.250000 2.742203 0.125000 5.170877 
225.000000 411.250000 191.250000 412.500000 4.047453 0.125000 26.647749 
308.750000 463.750000 386.250000 448.750000 2.952473 0.125000 52.007127 
456.250000 48.750000 443.750000 41.250000 2.324765 0.125000 3.402252 
577.500000 207.500000 575.000000 197.500000 3.591888 0.125000 0.808235 
165.000000 138.750000 163.750000 176.250000 1.586165 0.125000 19.399498 
466.250000 458.750000 361.250000 461.250000 2.635478 0.125000 115.782527 
427.500000 58.750000 378.750000 77.500000 5.874845 0.125000 58.262367 
452.500000 293.750000 471.250000 296.250000 1.541148 0.125000 1.532907 
466.250000 243.750000 466.250000 273.750000 3.028789 0.125000 18.792414 
40.000000 432.500000 68.750000 426.250000 2.994854 0.125000 11.159577 
176.250000 210.000000 158.750000 215.000000 3.269979 0.125000 14.443920 
373.750000 410.000000 276.250000 412.500000 2.361418 0.125000 46.937790 
412.500000 332.500000 413.750000 352.500000 4.242781 0.125000 9.893456 
451.250000 313.750000 451.250000 323.750000 3.963031 0.125000 4.997929 
468.750000 453.750000 486.250000 458.750000 4.568287 0.125000 4.536295 
580.000000 435.000000 556.250000 427.500000 2.676980 0.125000 7.597538 
76.250000 423.750000 126.250000 421.250000 2.348835 0.125000 17.639193 
261.250000 231.250000 262.500000 221.250000 6.739551 0.125000 2.541508 
371.250000 463.750000 473.750000 462.500000 3.192178 0.125000 75.093839 
260.000000 331.250000 258.750000 355.000000 4.545808 0.125000 15.565909 
416.250000 427.500000 261.250000 450.000000 2.413956 0.125000 92.506561 
315.000000 317.500000 315.000000 356.250000 2.750383 0.125000 60.610026 
380.000000 187.500000 377.500000 145.000000 1.623408 0.125000 20.320840 
407.500000 237.500000 408.750000 272.500000 1.715651 0.125000 10.931463 
465.000000 277.500000 462.500000 247.500000 1.763785 0.125000 15.501532 
186.250000 477.500000 213.750000 473.750000 1.818644 0.125000 12.271301 
251.250000 280.000000 293.750000 282.500000 1.877139 0.125000 15.501154 
307.500000 261.250000 307.500000 228.750000 1.411265 0.125000 7.829280 
438.750000 300.000000 423.750000 298.750000 4.309607 0.125000 7.383152 
342.500000 121.250000 330.000000 118.750000 7.922698 0.125000 8.718916 
391.250000 333.750000 391.250000 351.250000 1.694137 0.125000 2.883314 
505.000000 383.750000 568.750000 376.250000 2.041481 0.125000 32.055854 
611.250000 318.750000 612.500000 345.000000 2.496318 0.125000 15.191554 
637.500000 465.000000 598.750000 478.750000 2.872978 0.125000 20.171641 
223.750000 287.500000 183.750000 292.500000 3.173254 0.125000 27.784309 
213.750000 307.500000 213.750000 355.000000 1.250000 0.125000 20.945114 
411.250000 227.500000 392.500000 225.000000 3.922727 0.125000 9.988658 
592.500000 252.500000 591.250000 243.750000 2.628501 0.125000 0.174044 
130.000000 125.000000 105.000000 137.500000 3.966969 0.125000 12.833893 
130.000000 418.750000 166.250000 417.500000 1.774921 0.031250 5.258464 
142.500000 431.250000 171.250000 421.250000 2.770021 0.125000 10.128142 
198.750000 220.000000 198.750000 271.250000 1.262827 0.125000 20.291901 
231.250000 272.500000 268.750000 275.000000 1.958445 0.125000 10.604341 
273.750000 162.500000 273.750000 126.250000 2.867599 0.125000 36.611801 
310.000000 417.500000 263.750000 418.750000 1.250000 0.125000 19.138934 
383.750000 236.250000 385.000000 263.750000 1.984916 0.125000 16.381846 
436.250000 133.750000 413.750000 125.000000 3.270558 0.125000 6.779408 
481.250000 116.250000 463.750000 121.250000 4.674506 0.125000 7.470093 
380.000000 388.750000 398.750000 390.000000 1.528158 0.062500 0.953405 
142.500000 220.000000 126.250000 223.750000 3.118980 0.125000 7.585979 
138.750000 430.000000 117.500000 436.250000 2.964384 0.125000 2.235165 
85.000000 398.750000 168.750000 402.500000 1.747772 0.125000 36.006170 
177.500000 143.750000 177.500000 127.500000 2.696916 0.125000 0.962227 
248.750000 380.000000 250.000000 357.500000 2.850772 0.125000 12.692121 
308.750000 228.750000 308.750000 250.000000 1.250000 0.062500 0.953405 
482.500000 215.000000 481.250000 193.750000 1.250000 0.125000 1.980224 
158.750000 415.000000 138.750000 416.250000 1.659176 0.125000 7.398764 
166.250000 155.000000 167.500000 137.500000 1.733882 0.125000 4.286159 
377.500000 447.500000 263.750000 467.500000 2.613098 0.125000 70.455641 
448.750000 172.500000 450.000000 186.250000 2.538059 0.125000 3.262297 
551.250000 283.750000 551.250000 263.750000 1.766568 0.125000 5.592584 
8.750000 443.750000 41.250000 445.000000 1.628896 0.125000 22.077467 
262.500000 212.500000 250.000000 211.250000 7.479772 0.125000 6.628676 
247.500000 422.500000 260.000000 420.000000 1.954159 0.125000 0.174044 
432.500000 332.500000 432.500000 348.750000 1.983466 0.125000 1.980224 
471.250000 278.750000 470.000000 236.250000 3.851754 0.125000 33.543375 
497.500000 410.000000 512.500000 408.750000 3.865987 0.125000 0.018556 
571.250000 457.500000 528.750000 457.500000 1.277259 0.125000 15.526574 
187.500000 67.500000 216.250000 52.500000 2.253719 0.125000 5.249769 
248.750000 271.250000 218.750000 272.500000 1.590339 0.125000 4.253342 
335.000000 280.000000 307.500000 276.250000 1.754590 0.125000 5.809312 
408.750000 117.500000 383.750000 108.750000 4.857431 0.125000 19.243887 
536.250000 421.250000 637.500000 401.250000 2.658544 0.125000 66.419873 
155.000000 85.000000 185.000000 68.750000 2.141125 0.125000 2.853075 
192.500000 57.500000 226.250000 38.750000 3.209160 0.125000 26.393082 
201.250000 116.250000 211.250000 111.250000 1.880437 0.062500 2.582284 
252.500000 298.750000 278.750000 300.000000 1.331692 0.125000 4.286159 
301.250000 145.000000 300.000000 127.500000 2.702396 0.125000 1.958453 
331.250000 346.250000 330.000000 331.250000 1.618429 0.125000 0.174044 
371.250000 332.500000 372.500000 353.750000 2.202395 0.125000 6.666887 
567.500000 283.750000 566.250000 266.250000 1.458351 0.125000 1.077134 
20.000000 220.000000 0.000000 217.500000 1.837214 0.125000 6.056341 
65.000000 133.750000 96.250000 116.250000 2.059244 0.125000 5.534082 
206.250000 353.750000 206.250000 331.250000 1.457363 0.125000 6.942493 
302.500000 126.250000 293.750000 122.500000 3.742890 0.125000 1.532907 
392.500000 353.750000 392.500000 371.250000 1.594842 0.125000 1.980224 
376.250000 445.000000 443.750000 433.750000 1.728684 0.125000 30.715290 
597.500000 316.250000 613.750000 315.000000 4.039277 0.125000 1.667940 
312.500000 70.000000 271.250000 55.000000 1.605471 0.125000 17.804221 
390.000000 308.750000 391.250000 332.500000 2.268481 0.125000 6.749510 
565.000000 250.000000 565.000000 238.750000 2.574297 0.062500 0.302957 
152.500000 210.000000 177.500000 202.500000 2.482392 0.125000 8.807652 
197.500000 113.750000 215.000000 106.250000 1.942083 0.125000 9.204944 
456.250000 192.500000 457.500000 205.000000 1.746642 0.062500 1.705319 
516.250000 351.250000 515.000000 332.500000 2.160145 0.125000 6.942493 
632.500000 453.750000 606.250000 445.000000 2.917992 0.125000 17.793347 
132.500000 152.500000 131.250000 188.750000 1.645063 0.125000 20.291901 
313.750000 203.750000 292.500000 200.000000 1.345097 0.125000 1.980224 
312.500000 388.750000 302.500000 387.500000 4.077953 0.125000 0.147484 
338.750000 80.000000 313.750000 71.250000 1.468568 0.125000 1.639253 
376.250000 73.750000 426.250000 55.000000 1.797314 0.125000 27.101025 
492.500000 455.000000 480.000000 448.750000 3.239806 0.125000 5.833400 
30.000000 430.000000 5.000000 430.000000 1.250000 0.125000 4.689494 
52.500000 250.000000 63.750000 247.500000 2.455060 0.125000 0.756209 
98.750000 115.000000 111.250000 108.750000 1.786118 0.125000 1.077134 
217.500000 93.750000 177.500000 112.500000 2.718689 0.125000 25.406951 
283.750000 275.000000 260.000000 272.500000 1.850100 0.125000 10.108034 
427.500000 123.750000 408.750000 118.750000 3.668312 0.125000 16.079571 
438.750000 265.000000 437.500000 245.000000 2.856136 0.125000 22.751294 
158.750000 423.750000 141.250000 427.500000 3.021765 0.125000 5.217734 
185.000000 298.750000 212.500000 296.250000 3.219277 0.125000 14.601281 
437.500000 226.250000 436.250000 211.250000 4.862231 0.062500 0.108904 
503.750000 277.500000 502.500000 255.000000 3.050012 0.125000 2.120503 
592.500000 238.750000 588.750000 208.750000 1.514948 0.125000 8.386548 
383.750000 108.750000 358.750000 98.750000 5.266764 0.125000 14.084464 
383.750000 266.250000 393.750000 266.250000 4.180094 0.125000 5.867784 
412.500000 283.750000 411.250000 240.000000 1.651846 0.125000 19.402357 
275.000000 197.500000 251.250000 192.500000 1.574117 0.125000 3.246990 
311.250000 81.250000 268.750000 66.250000 6.195762 0.125000 51.135771 
423.750000 332.500000 425.000000 350.000000 1.737013 0.125000 3.262297 
458.750000 187.500000 457.500000 173.750000 1.535477 0.062500 3.786404 
571.250000 317.500000 572.500000 345.000000 1.982263 0.125000 14.051266 
637.500000 430.000000 562.500000 425.000000 2.208239 0.125000 46.956081 
0.000000 431.250000 26.250000 432.500000 1.863485 0.125000 16.429664 
88.750000 145.000000 67.500000 155.000000 4.177784 0.125000 6.229290 
273.750000 391.250000 246.250000 393.750000 2.614971 0.125000 22.558859 
260.000000 303.750000 258.750000 326.250000 3.046407 0.125000 4.490242 
557.500000 438.750000 477.500000 440.000000 1.470959 0.125000 72.739047 
162.500000 128.750000 176.250000 122.500000 1.843455 0.125000 1.980224 
262.500000 467.500000 200.000000 478.750000 2.155621 0.125000 28.789221 
332.500000 468.750000 332.500000 477.500000 2.632983 0.125000 0.174044 
423.750000 397.500000 440.000000 396.250000 1.575878 0.125000 1.077134 
525.000000 477.500000 503.750000 463.750000 2.828874 0.125000 15.215578 
563.750000 427.500000 637.500000 432.500000 1.987713 0.125000 42.463795 
620.000000 462.500000 601.250000 468.750000 2.770620 0.125000 6.039570 
615.000000 193.750000 607.500000 191.250000 2.480506 0.062500 0.258002 
216.250000 355.000000 216.250000 330.000000 1.300110 0.125000 4.689494 
273.750000 192.500000 273.750000 182.500000 4.099256 0.125000 1.151674 
327.500000 331.250000 327.500000 350.000000 1.346325 0.125000 4.689494 
440.000000 436.250000 381.250000 446.250000 1.790522 0.125000 21.197107 
528.750000 461.250000 627.500000 460.000000 2.393231 0.125000 108.188464 
203.750000 305.000000 203.750000 328.750000 1.268440 0.125000 3.786404 
348.750000 403.750000 383.750000 401.250000 1.447005 0.125000 10.233822 
532.500000 425.000000 515.000000 425.000000 1.250000 0.062500 1.432296 
570.000000 190.000000 543.750000 180.000000 2.016547 0.125000 2.895543 
102.500000 155.000000 113.750000 150.000000 1.916769 0.125000 1.077134 
206.250000 328.750000 206.250000 305.000000 1.595819 0.125000 4.286159 
358.750000 98.750000 343.750000 92.500000 5.517886 0.125000 11.441789 
625.000000 456.250000 572.500000 457.500000 2.368190 0.125000 30.823897 
86.250000 235.000000 76.250000 238.750000 2.760188 0.062500 5.173031 
115.000000 391.250000 92.500000 390.000000 1.528964 0.125000 3.402252 
135.000000 131.250000 111.250000 142.500000 1.823211 0.125000 7.611083 
211.250000 428.750000 155.000000 430.000000 2.328199 0.125000 43.259565 
273.750000 306.250000 272.500000 328.750000 2.828590 0.125000 18.144193 
381.250000 308.750000 381.250000 326.250000 1.250000 0.062500 1.432296 
406.250000 290.000000 372.500000 287.500000 1.833204 0.125000 10.182960 
22.500000 416.250000 0.000000 416.250000 1.372283 0.125000 1.077134 
117.500000 310.000000 143.750000 307.500000 1.742534 0.125000 6.666887 
237.500000 285.000000 225.000000 287.500000 2.712768 0.125000 4.286159 
262.500000 113.750000 252.500000 110.000000 3.539482 0.125000 5.170877 
483.750000 465.000000 503.750000 477.500000 2.874076 0.125000 12.780111 
131.250000 142.500000 143.750000 137.500000 1.814515 0.125000 0.174044 
160.000000 131.250000 160.000000 153.750000 1.322687 0.125000 2.883314 
383.750000 58.750000 352.500000 58.750000 1.250000 0.125000 9.204944 
378.750000 355.000000 378.750000 371.250000 3.687413 0.125000 12.642787 
492.500000 83.750000 435.000000 55.000000 1.829906 0.125000 38.236695 
475.000000 442.500000 553.750000 441.250000 2.467364 0.125000 67.816835 
0.000000 175.000000 20.000000 177.500000 3.295930 0.125000 5.742325 
63.750000 212.500000 65.000000 198.750000 2.333675 0.125000 1.532907 
201.250000 235.000000 202.500000 220.000000 1.403817 0.125000 6.495674 
481.250000 431.250000 501.250000 427.500000 1.984567 0.125000 2.473146 
507.500000 326.250000 495.000000 325.000000 2.741205 0.125000 7.398764 
61.250000 242.500000 51.250000 245.000000 2.403346 0.125000 0.174044 
162.500000 392.500000 125.000000 392.500000 2.714241 0.125000 10.404782 
53.750000 298.750000 177.500000 281.250000 2.292240 0.125000 76.583676 
247.500000 335.000000 236.250000 335.000000 2.556450 0.062500 1.410586 
267.500000 256.250000 267.500000 238.750000 1.538517 0.125000 1.077134 
212.500000 170.000000 200.000000 175.000000 1.907871 0.125000 1.077134 
193.750000 302.500000 218.750000 300.000000 1.384217 0.125000 6.495674 
266.250000 66.250000 236.250000 55.000000 6.295142 0.125000 30.503169 
417.500000 425.000000 425.000000 423.750000 1.535025 0.015625 1.980224 
513.750000 408.750000 532.500000 405.000000 1.290817 0.125000 1.077134 
257.500000 357.500000 258.750000 372.500000 1.685693 0.125000 2.883314 
272.500000 331.250000 272.500000 353.750000 2.939113 0.125000 19.399498 
307.500000 352.500000 306.250000 332.500000 1.441788 0.125000 10.108034 
426.250000 327.500000 425.000000 312.500000 1.903693 0.125000 3.786404 
511.250000 405.000000 492.500000 405.000000 1.250000 0.125000 0.174044 
541.250000 301.250000 581.250000 306.250000 1.961363 0.125000 3.812587 
575.000000 345.000000 573.750000 317.500000 1.328207 0.125000 6.495674 
105.000000 165.000000 103.750000 191.250000 1.997136 0.125000 5.915153 
162.500000 433.750000 140.000000 435.000000 1.616063 0.125000 6.495674 
321.250000 85.000000 311.250000 80.000000 5.775539 0.125000 5.231701 
471.250000 332.500000 472.500000 348.750000 1.629049 0.125000 6.942493 
562.500000 380.000000 502.500000 386.250000 1.829209 0.125000 32.202567 
588.750000 396.250000 616.250000 391.250000 1.710628 0.125000 10.493022 
143.750000 298.750000 108.750000 301.250000 3.855773 0.125000 22.265068 
525.000000 100.000000 495.000000 85.000000 1.743454 0.125000 7.186681 
526.250000 182.500000 518.750000 178.750000 3.971630 0.062500 1.906302 
596.250000 471.250000 572.500000 477.500000 3.166542 0.125000 14.549414 
15.000000 148.750000 3.750000 152.500000 6.442843 0.125000 3.812587 
352.500000 357.500000 351.250000 338.750000 1.488928 0.125000 0.756209 
426.250000 308.750000 441.250000 308.750000 2.052366 0.062500 1.432296 
503.750000 426.250000 535.000000 427.500000 1.672813 0.125000 12.692121 
637.500000 412.500000 616.250000 411.250000 1.316066 0.125000 1.980224 
235.000000 321.250000 251.250000 322.500000 1.562558 0.125000 1.980224 
302.500000 336.250000 302.500000 368.750000 1.278937 0.125000 10.108034 
341.250000 92.500000 325.000000 85.000000 5.806562 0.125000 7.217383 
537.500000 403.750000 563.750000 401.250000 2.482447 0.125000 1.492054 
98.750000 148.750000 66.250000 163.750000 1.665033 0.125000 14.443920 
178.750000 261.250000 178.750000 246.250000 3.816285 0.125000 8.519283 
223.750000 330.000000 223.750000 355.000000 1.496138 0.125000 4.689494 
235.000000 55.000000 202.500000 72.500000 3.444157 0.125000 19.713211 
236.250000 106.250000 236.250000 171.250000 1.252143 0.125000 28.756549 
267.500000 161.250000 266.250000 117.500000 2.039703 0.125000 16.624856 
305.000000 276.250000 286.250000 275.000000 1.887917 0.125000 0.703387 
121.250000 430.000000 71.250000 430.000000 1.250000 0.125000 22.751294 
156.250000 122.500000 142.500000 128.750000 2.096906 0.125000 1.637185 
242.500000 407.500000 320.000000 406.250000 2.590047 0.125000 38.192442 
346.250000 472.500000 335.000000 473.750000 2.564458 0.062500 0.302957 
435.000000 245.000000 436.250000 270.000000 1.250000 0.125000 2.519232 
455.000000 418.750000 496.250000 411.250000 2.426507 0.125000 9.763354 
466.250000 433.750000 478.750000 432.500000 1.804835 0.062500 2.582284 
185.000000 280.000000 212.500000 275.000000 1.713036 0.125000 9.358628 
216.250000 140.000000 216.250000 116.250000 4.291919 0.125000 20.850931 
350.000000 57.500000 375.000000 57.500000 1.250000 0.125000 4.689494 
426.250000 422.500000 450.000000 420.000000 1.643167 0.125000 4.129397 
177.500000 112.500000 163.750000 118.750000 2.696095 0.125000 5.170877 
216.250000 150.000000 217.500000 141.250000 2.665482 0.125000 0.174044 
355.000000 117.500000 328.750000 108.750000 1.310205 0.125000 2.396754 
405.000000 347.500000 405.000000 332.500000 1.288695 0.031250 0.414407 
158.750000 335.000000 158.750000 380.000000 1.250000 0.125000 19.138934 
216.250000 256.250000 216.250000 216.250000 2.466785 0.125000 13.994581 
386.250000 383.750000 400.000000 385.000000 1.613516 0.125000 1.980224 
473.750000 430.000000 443.750000 435.000000 1.542806 0.125000 5.809312 
583.750000 391.250000 527.500000 401.250000 2.433700 0.125000 32.217813 
596.250000 448.750000 618.750000 455.000000 2.665702 0.125000 9.471539 
32.500000 341.250000 33.750000 322.500000 1.753261 0.125000 4.689494 
178.750000 338.750000 178.750000 308.750000 1.250000 0.125000 8.301854 
183.750000 285.000000 213.750000 281.250000 1.787511 0.125000 11.109883 
225.000000 215.000000 223.750000 246.250000 1.593473 0.125000 12.707933 
462.500000 162.500000 447.500000 156.250000 5.262899 0.125000 11.682745 
350.000000 331.250000 350.000000 351.250000 1.474740 0.062500 0.953405 
477.500000 296.250000 507.500000 298.750000 1.551800 0.125000 9.358628 
161.250000 376.250000 161.250000 357.500000 1.478204 0.125000 0.756209 
235.000000 215.000000 235.000000 243.750000 1.387279 0.125000 14.941819 
312.500000 252.500000 312.500000 227.500000 2.523062 0.125000 6.017255 
95.000000 226.250000 113.750000 221.250000 1.875927 0.062500 0.840522 
133.750000 187.500000 135.000000 177.500000 2.989984 0.125000 5.592584 
163.750000 475.000000 131.250000 468.750000 2.222703 0.125000 8.614715 
225.000000 420.000000 193.750000 420.000000 1.250000 0.125000 9.204944 
227.500000 81.250000 206.250000 91.250000 1.250000 0.125000 1.077134 
60.000000 432.500000 116.250000 432.500000 1.250000 0.125000 27.266744 
115.000000 452.500000 146.250000 448.750000 1.250000 0.125000 9.204944 
422.500000 312.500000 423.750000 328.750000 2.440336 0.125000 6.738865 
431.250000 313.750000 432.500000 328.750000 1.835490 0.125000 3.786404 
502.500000 465.000000 492.500000 463.750000 3.604176 0.125000 0.703387 
571.250000 386.250000 540.000000 388.750000 2.389456 0.125000 19.532528 
101.250000 160.000000 100.000000 191.250000 1.791431 0.125000 14.941819 
112.500000 146.250000 102.500000 150.000000 2.294722 0.062500 0.555317 
152.500000 116.250000 137.500000 123.750000 1.310407 0.125000 0.174044 
197.500000 445.000000 166.250000 447.500000 2.089791 0.062500 5.504716 
618.750000 291.250000 618.750000 276.250000 1.380018 0.062500 0.258002 
111.250000 228.750000 97.500000 232.500000 2.623918 0.062500 2.970974 
193.750000 351.250000 193.750000 380.000000 1.250000 0.125000 7.398764 
196.250000 120.000000 196.250000 158.750000 1.298991 0.125000 11.381937 
128.750000 258.750000 128.750000 280.000000 1.294432 0.015625 3.638768 
512.500000 298.750000 537.500000 301.250000 1.431764 0.125000 0.703387 
28.750000 246.250000 42.500000 242.500000 1.402294 0.062500 2.582284 
115.000000 128.750000 147.500000 112.500000 1.797754 0.125000 3.734492 
273.750000 297.500000 252.500000 297.500000 1.049733 0.125000 0.174044 
273.750000 236.250000 273.750000 221.250000 3.743769 0.062500 1.329248 
477.500000 401.250000 460.000000 402.500000 1.774786 0.062500 0.813691 
615.000000 441.250000 637.500000 441.250000 1.250000 0.125000 2.883314 
495.000000 295.000000 475.000000 293.750000 1.250000 0.125000 0.174044 
22.500000 171.250000 11.250000 170.000000 4.336435 0.125000 7.526052 
441.250000 332.500000 441.250000 350.000000 0.685994 0.062500 0.258002 
68.750000 151.250000 90.000000 141.250000 1.250000 0.125000 1.980224 
130.000000 108.750000 92.500000 127.500000 3.781301 0.125000 29.516103 
160.000000 157.500000 158.750000 178.750000 1.680555 0.125000 0.808235 
623.750000 335.000000 622.500000 320.000000 1.708154 0.125000 0.670918 
31.250000 322.500000 30.000000 337.500000 1.506954 0.125000 0.174044 
48.750000 396.250000 81.250000 397.500000 1.250000 0.125000 8.301854 
186.250000 80.000000 131.250000 107.500000 3.515105 0.125000 37.940149 
496.250000 172.500000 480.000000 166.250000 3.946198 0.125000 5.742325 
536.250000 333.750000 537.500000 347.500000 1.643131 0.125000 1.077134 
617.500000 182.500000 637.500000 178.750000 1.965081 0.125000 2.396814 
105.000000 461.250000 86.250000 457.500000 1.250000 0.125000 0.174044 
610.000000 343.750000 608.750000 326.250000 1.330947 0.125000 0.174044 
42.500000 176.250000 31.250000 181.250000 3.617753 0.062500 3.046377 
37.500000 193.750000 36.250000 221.250000 1.250000 0.125000 6.495674 
176.250000 332.500000 176.250000 352.500000 1.405902 0.125000 1.077134 
337.500000 415.000000 353.750000 413.750000 1.250000 0.062500 2.582284 
525.000000 418.750000 545.000000 415.000000 1.775095 0.125000 1.548880 
196.250000 353.750000 196.250000 331.250000 1.250000 0.125000 0.756209 
216.250000 327.500000 216.250000 306.250000 1.348801 0.125000 1.980224 
177.500000 243.750000 177.500000 222.500000 2.604574 0.125000 4.574683 
178.750000 408.750000 196.250000 408.750000 1.480939 0.062500 0.555317 
563.750000 345.000000 562.500000 326.250000 1.362595 0.125000 0.174044 
42.500000 460.000000 62.500000 457.500000 1.379135 0.125000 0.756209 
467.500000 387.500000 485.000000 385.000000 1.250000 0.062500 2.582284 
490.000000 415.000000 463.750000 418.750000 1.854318 0.125000 3.582103 
503.750000 333.750000 505.000000 355.000000 2.816551 0.031250 4.950832 
611.250000 395.000000 593.750000 397.500000 1.250000 0.062500 0.258002 
122.500000 293.750000 156.250000 290.000000 1.457728 0.125000 13.161086 
245.000000 423.750000 218.750000 426.250000 1.526644 0.125000 4.997929 
31.250000 302.500000 50.000000 298.750000 1.803022 0.125000 7.398764 
91.250000 128.750000 75.000000 135.000000 2.236677 0.125000 1.639253 
136.250000 355.000000 137.500000 336.250000 1.579788 0.031250 1.916685 
172.500000 21.250000 157.500000 15.000000 3.420408 0.125000 7.585979 
313.750000 412.500000 332.500000 412.500000 1.250000 0.125000 0.174044 
17.500000 462.500000 37.500000 461.250000 1.552529 0.125000 2.883314 
76.250000 136.250000 42.500000 153.750000 2.295595 0.125000 9.354881 
143.750000 405.000000 166.250000 406.250000 1.320664 0.125000 2.883314 
203.750000 332.500000 203.750000 352.500000 1.250000 0.125000 1.077134 
46.250000 76.250000 33.750000 77.500000 3.532169 0.125000 0.575154 
46.250000 462.500000 23.750000 463.750000 1.250000 0.125000 2.883314 
90.000000 410.000000 76.250000 411.250000 1.480886 0.062500 2.582284 
103.750000 406.250000 92.500000 405.000000 1.668195 0.062500 3.786404 
70.000000 73.750000 50.000000 72.500000 2.759631 0.125000 0.312695 
51.250000 80.000000 31.250000 81.250000 1.312468 0.125000 1.980224 
