1 1
2 1
3 1
4 1
5 1
6 1
7 1
8 1
9 1
10 1
11 1
12 1
13 1
14 1
15 1
16 1
17 1
18 1
19 1
20 1
21 1
22 1
23 1
24 1
25 1
26 1
27 1
28 1
29 1
30 1
31 1
32 1
33 1
34 1
35 1
36 1
37 1
38 1
39 1
40 1
41 1
42 1
43 1
44 1
45 1
46 1
47 1
48 1
49 1
50 1
51 1
52 1
53 1
54 1
55 1
56 1
57 1
58 1
59 1
60 1
61 2
62 2
63 2
64 2
65 2
66 2
67 2
68 2
69 2
70 2
71 2
72 2
73 2
74 2
75 2
76 2
77 2
78 2
79 2
80 2
81 2
82 2
83 2
84 2
85 2
86 2
87 2
88 2
89 2
90 2
91 2
92 2
93 2
94 2
95 2
96 2
97 2
98 2
99 2
100 2
101 2
102 2
103 2
104 2
105 2
106 2
107 2
108 2
109 2
110 2
111 2
112 2
113 2
114 2
115 2
116 2
117 2
118 2
119 2
120 2
121 3
122 3
123 3
124 3
125 3
126 3
127 3
128 3
129 3
130 3
131 3
132 3
133 3
134 3
135 3
136 3
137 3
138 3
139 3
140 3
141 3
142 3
143 3
144 3
145 3
146 3
147 3
148 3
149 3
150 3
151 3
152 3
153 3
154 3
155 3
156 3
157 3
158 3
159 3
160 3
161 3
162 3
163 3
164 3
165 3
166 3
167 3
168 3
169 3
170 3
171 3
172 3
173 3
174 3
175 3
176 3
177 3
178 3
179 4
180 4
181 4
182 4
183 4
184 4
185 4
186 4
187 4
188 4
189 4
190 4
191 4
192 4
193 4
194 4
195 4
196 4
197 4
198 4
199 4
200 4
201 4
202 4
203 4
204 4
205 4
206 4
207 4
208 4
209 4
210 4
211 4
212 4
213 4
214 4
215 4
216 4
217 4
218 4
219 4
220 4
221 4
222 4
223 4
224 4
225 4
226 4
227 4
228 4
229 4
230 4
231 4
232 4
233 4
234 4
235 4
236 4
237 4
238 4
239 5
240 5
241 5
242 5
243 5
244 5
245 5
246 5
247 5
248 5
249 5
250 5
251 5
252 5
253 5
254 5
255 5
256 5
257 5
258 5
259 5
260 5
261 5
262 5
263 5
264 5
265 5
266 5
267 5
268 5
269 5
270 5
271 5
272 5
273 5
274 5
275 5
276 5
277 5
278 5
279 5
280 5
281 5
282 5
283 6
284 6
285 6
286 6
287 6
288 6
289 6
290 6
291 6
292 6
293 6
294 6
295 6
296 6
297 6
298 6
299 6
300 6
301 6
302 6
303 6
304 6
305 6
306 6
307 6
308 6
309 6
310 6
311 6
312 6
313 6
314 6
315 6
316 6
317 6
318 6
319 6
320 6
321 6
322 6
323 6
324 7
325 7
326 7
327 7
328 7
329 7
330 7
331 7
332 7
333 7
334 7
335 7
336 7
337 7
338 7
339 7
340 7
341 7
342 7
343 7
344 7
345 7
346 7
347 7
348 7
349 7
350 7
351 7
352 7
353 7
354 7
355 7
356 7
357 7
358 7
359 7
360 7
361 7
362 7
363 7
364 7
365 7
366 7
367 7
368 7
369 7
370 7
371 7
372 7
373 7
374 7
375 7
376 7
377 8
378 8
379 8
380 8
381 8
382 8
383 8
384 8
385 8
386 8
387 8
388 8
389 8
390 8
391 8
392 8
393 8
394 8
395 8
396 8
397 8
398 8
399 8
400 8
401 8
402 8
403 8
404 8
405 8
406 8
407 8
408 8
409 8
410 8
411 8
412 8
413 8
414 8
415 8
416 8
417 8
418 8
419 8
420 8
421 8
422 8
423 8
424 8
425 9
426 9
427 9
428 9
429 9
430 9
431 9
432 9
433 9
434 9
435 9
436 9
437 9
438 9
439 9
440 9
441 9
442 9
443 9
444 9
445 9
446 9
447 9
448 9
449 9
450 9
451 9
452 9
453 9
454 9
455 9
456 9
457 9
458 9
459 9
460 9
461 9
462 9
463 9
464 9
465 9
466 9
467 9
468 9
469 9
470 9
471 9
472 9
473 9
474 9
475 9
476 9
477 9
478 9
479 9
480 9
481 9
482 9
483 9
484 10
485 10
486 10
487 10
488 10
489 10
490 10
491 10
492 10
493 10
494 10
495 10
496 10
497 10
498 10
499 10
500 10
501 10
502 10
503 10
504 10
505 10
506 10
507 10
508 10
509 10
510 10
511 10
512 10
513 10
514 10
515 10
516 10
517 10
518 10
519 10
520 10
521 10
522 10
523 10
524 10
525 10
526 10
527 10
528 10
529 10
530 10
531 10
532 10
533 10
534 10
535 10
536 10
537 10
538 10
539 10
540 10
541 10
542 10
543 10
544 11
545 11
546 11
547 11
548 11
549 11
550 11
551 11
552 11
553 11
554 11
555 11
556 11
557 11
558 11
559 11
560 11
561 11
562 11
563 11
564 11
565 11
566 11
567 11
568 11
569 11
570 11
571 11
572 11
573 11
574 11
575 11
576 11
577 11
578 11
579 11
580 11
581 11
582 11
583 11
584 11
585 11
586 11
587 11
588 11
589 11
590 11
591 11
592 11
593 11
594 11
595 11
596 11
597 11
598 11
599 11
600 11
601 11
602 11
603 11
604 12
605 12
606 12
607 12
608 12
609 12
610 12
611 12
612 12
613 12
614 12
615 12
616 12
617 12
618 12
619 12
620 12
621 12
622 12
623 12
624 12
625 12
626 12
627 12
628 12
629 12
630 12
631 12
632 12
633 12
634 12
635 12
636 12
637 12
638 12
639 12
640 12
641 12
642 12
643 12
644 12
645 12
646 12
647 12
648 12
649 12
650 12
651 12
652 12
653 12
654 12
655 12
656 12
657 12
658 12
659 12
660 13
661 13
662 13
663 13
664 13
665 13
666 13
667 13
668 13
669 13
670 13
671 13
672 13
673 13
674 13
675 13
676 13
677 13
678 13
679 13
680 13
681 13
682 13
683 13
684 13
685 13
686 13
687 13
688 13
689 13
690 13
691 13
692 13
693 13
694 13
695 13
696 13
697 13
698 13
699 13
700 13
701 13
702 13
703 13
704 13
705 13
706 13
707 13
708 13
709 13
710 13
711 13
712 13
713 13
714 13
715 13
716 13
717 13
718 13
719 13
720 14
721 14
722 14
723 14
724 14
725 14
726 14
727 14
728 14
729 14
730 14
731 14
732 14
733 14
734 14
735 14
736 14
737 14
738 14
739 14
740 14
741 14
742 14
743 14
744 14
745 14
746 14
747 14
748 14
749 14
750 14
751 14
752 14
753 14
754 14
755 14
756 14
757 14
758 14
759 14
760 14
761 14
762 14
763 14
764 14
765 14
766 14
767 14
768 14
769 14
770 14
771 14
772 14
773 14
774 14
775 14
776 14
777 14
778 14
779 14
780 15
781 15
782 15
783 15
784 15
785 15
786 15
787 15
788 15
789 15
790 15
791 15
792 15
793 15
794 15
795 15
796 15
797 15
798 15
799 15
800 15
801 15
802 15
803 15
804 15
805 15
806 15
807 15
808 15
809 15
810 15
811 15
812 15
813 15
814 15
815 15
816 15
817 15
818 15
819 15
820 15
821 15
822 15
823 15
824 15
825 15
826 15
827 15
828 15
829 15
830 15
831 15
832 15
833 15
834 15
835 15
836 15
837 15
838 16
839 16
840 16
841 16
842 16
843 16
844 16
845 16
846 16
847 16
848 16
849 16
850 16
851 16
852 16
853 16
854 16
855 16
856 16
857 16
858 16
859 16
860 16
861 16
862 16
863 16
864 16
865 16
866 16
867 16
868 16
869 16
870 16
871 16
872 16
873 16
874 16
875 16
876 16
877 16
878 16
879 16
880 16
881 16
882 16
883 16
884 16
885 16
886 16
887 16
888 16
889 16
890 16
891 16
892 16
893 16
894 16
895 16
896 17
897 17
898 17
899 17
900 17
901 17
902 17
903 17
904 17
905 17
906 17
907 17
908 17
909 17
910 17
911 17
912 17
913 17
914 17
915 17
916 17
917 17
918 17
919 17
920 17
921 17
922 17
923 17
924 17
925 17
926 17
927 17
928 17
929 17
930 17
931 17
932 17
933 17
934 17
935 17
936 17
937 17
938 17
939 17
940 17
941 17
942 17
943 17
944 17
945 17
946 17
947 17
948 17
949 17
950 17
951 17
952 17
953 18
954 18
955 18
956 18
957 18
958 18
959 18
960 18
961 18
962 18
963 18
964 18
965 18
966 18
967 18
968 18
969 18
970 18
971 18
972 18
973 18
974 18
975 18
976 18
977 18
978 18
979 18
980 18
981 18
982 18
983 18
984 18
985 18
986 18
987 18
988 18
989 18
990 18
991 18
992 18
993 18
994 18
995 18
996 18
997 18
998 19
999 19
1000 19
1001 19
1002 19
1003 19
1004 19
1005 19
1006 19
1007 19
1008 19
1009 19
1010 19
1011 19
1012 19
1013 19
1014 19
1015 19
1016 19
1017 19
1018 19
1019 19
1020 19
1021 19
1022 19
1023 19
1024 19
1025 19
1026 19
1027 19
1028 19
1029 19
1030 19
1031 19
1032 19
1033 19
1034 19
1035 19
1036 19
1037 19
1038 19
1039 19
1040 19
1041 19
1042 19
1043 19
1044 19
1045 19
1046 19
1047 19
1048 19
1049 19
1050 19
1051 19
1052 19
1053 19
1054 19
1055 19
1056 19
1057 20
1058 20
1059 20
1060 20
1061 20
1062 20
1063 20
1064 20
1065 20
1066 20
1067 20
1068 20
1069 20
1070 20
1071 20
1072 20
1073 20
1074 20
1075 20
1076 20
1077 20
1078 20
1079 20
1080 20
1081 20
1082 20
1083 20
1084 20
1085 20
1086 20
1087 20
1088 20
1089 20
1090 20
1091 20
1092 20
1093 20
1094 20
1095 20
1096 20
1097 20
1098 20
1099 20
1100 20
1101 20
1102 20
1103 20
1104 20
1105 20
1106 20
1107 20
1108 20
1109 20
1110 20
1111 20
1112 20
1113 20
1114 20
1115 20
1116 21
1117 21
1118 21
1119 21
1120 21
1121 21
1122 21
1123 21
1124 21
1125 21
1126 21
1127 21
1128 21
1129 21
1130 21
1131 21
1132 21
1133 21
1134 21
1135 21
1136 21
1137 21
1138 21
1139 21
1140 21
1141 21
1142 21
1143 21
1144 21
1145 21
1146 21
1147 21
1148 21
1149 21
1150 21
1151 21
1152 21
1153 21
1154 21
1155 21
1156 21
1157 21
1158 21
1159 21
1160 21
1161 21
1162 21
1163 21
1164 21
1165 21
1166 21
1167 21
1168 21
1169 21
1170 21
1171 21
1172 21
1173 21
1174 21
1175 21
1176 22
1177 22
1178 22
1179 22
1180 22
1181 22
1182 22
1183 22
1184 22
1185 22
1186 22
1187 22
1188 22
1189 22
1190 22
1191 22
1192 22
1193 22
1194 22
1195 22
1196 22
1197 22
1198 22
1199 22
1200 22
1201 22
1202 22
1203 22
1204 22
1205 22
1206 22
1207 22
1208 22
1209 22
1210 22
1211 22
1212 22
1213 22
1214 22
1215 22
1216 22
1217 22
1218 22
1219 22
1220 22
1221 22
1222 22
1223 22
1224 22
1225 22
1226 22
1227 22
1228 22
1229 22
1230 22
1231 22
1232 23
1233 23
1234 23
1235 23
1236 23
1237 23
1238 23
1239 23
1240 23
1241 23
1242 23
1243 23
1244 23
1245 23
1246 23
1247 23
1248 23
1249 23
1250 23
1251 23
1252 23
1253 23
1254 23
1255 23
1256 23
1257 23
1258 23
1259 23
1260 23
1261 23
1262 23
1263 23
1264 23
1265 23
1266 23
1267 23
1268 23
1269 23
1270 23
1271 23
1272 23
1273 23
1274 23
1275 23
1276 23
1277 23
1278 23
1279 23
1280 23
1281 23
1282 23
1283 23
1284 23
1285 23
1286 23
1287 23
1288 23
1289 23
1290 23
1291 24
1292 24
1293 24
1294 24
1295 24
1296 24
1297 24
1298 24
1299 24
1300 24
1301 24
1302 24
1303 24
1304 24
1305 24
1306 24
1307 24
1308 24
1309 24
1310 24
1311 24
1312 24
1313 24
1314 24
1315 24
1316 24
1317 24
1318 24
1319 24
1320 24
1321 24
1322 24
1323 24
1324 24
1325 24
1326 24
1327 24
1328 24
1329 24
1330 24
1331 24
1332 24
1333 24
1334 24
1335 24
1336 24
1337 24
1338 24
1339 24
1340 24
1341 24
1342 24
1343 25
1344 25
1345 25
1346 25
1347 25
1348 25
1349 25
1350 25
1351 25
1352 25
1353 25
1354 25
1355 25
1356 25
1357 25
1358 25
1359 25
1360 25
1361 25
1362 25
1363 25
1364 25
1365 25
1366 25
1367 25
1368 25
1369 25
1370 25
1371 25
1372 25
1373 25
1374 25
1375 25
1376 25
1377 25
1378 25
1379 25
1380 25
1381 25
1382 25
1383 25
1384 25
1385 25
1386 25
1387 25
1388 25
1389 25
1390 25
1391 25
1392 25
1393 25
1394 25
1395 25
1396 25
1397 25
1398 25
1399 25
1400 25
1401 25
1402 25
1403 26
1404 26
1405 26
1406 26
1407 26
1408 26
1409 26
1410 26
1411 26
1412 26
1413 26
1414 26
1415 26
1416 26
1417 26
1418 26
1419 26
1420 26
1421 26
1422 26
1423 26
1424 26
1425 26
1426 26
1427 26
1428 26
1429 26
1430 26
1431 26
1432 26
1433 26
1434 26
1435 26
1436 26
1437 26
1438 26
1439 26
1440 26
1441 26
1442 26
1443 26
1444 26
1445 26
1446 26
1447 26
1448 26
1449 26
1450 26
1451 26
1452 26
1453 26
1454 26
1455 26
1456 26
1457 26
1458 26
1459 26
1460 26
1461 26
1462 26
1463 27
1464 27
1465 27
1466 27
1467 27
1468 27
1469 27
1470 27
1471 27
1472 27
1473 27
1474 27
1475 27
1476 27
1477 27
1478 27
1479 27
1480 27
1481 27
1482 27
1483 27
1484 27
1485 27
1486 27
1487 27
1488 27
1489 27
1490 27
1491 27
1492 27
1493 27
1494 27
1495 27
1496 27
1497 27
1498 27
1499 27
1500 27
1501 27
1502 27
1503 27
1504 27
1505 27
1506 27
1507 27
1508 27
1509 27
1510 27
1511 27
1512 27
1513 27
1514 27
1515 27
1516 27
1517 27
1518 27
1519 27
1520 27
1521 27
1522 27
1523 28
1524 28
1525 28
1526 28
1527 28
1528 28
1529 28
1530 28
1531 28
1532 28
1533 28
1534 28
1535 28
1536 28
1537 28
1538 28
1539 28
1540 28
1541 28
1542 28
1543 28
1544 28
1545 28
1546 28
1547 28
1548 28
1549 28
1550 28
1551 28
1552 28
1553 28
1554 28
1555 28
1556 28
1557 28
1558 28
1559 28
1560 28
1561 28
1562 28
1563 28
1564 28
1565 28
1566 28
1567 28
1568 28
1569 28
1570 28
1571 28
1572 28
1573 28
1574 28
1575 28
1576 28
1577 28
1578 28
1579 28
1580 28
1581 28
1582 29
1583 29
1584 29
1585 29
1586 29
1587 29
1588 29
1589 29
1590 29
1591 29
1592 29
1593 29
1594 29
1595 29
1596 29
1597 29
1598 29
1599 29
1600 29
1601 29
1602 29
1603 29
1604 29
1605 29
1606 29
1607 29
1608 29
1609 29
1610 29
1611 29
1612 29
1613 29
1614 29
1615 29
1616 29
1617 29
1618 29
1619 29
1620 29
1621 29
1622 29
1623 29
1624 29
1625 29
1626 29
1627 29
1628 29
1629 29
1630 29
1631 29
1632 29
1633 29
1634 29
1635 29
1636 29
1637 29
1638 29
1639 29
1640 29
1641 29
1642 30
1643 30
1644 30
1645 30
1646 30
1647 30
1648 30
1649 30
1650 30
1651 30
1652 30
1653 30
1654 30
1655 30
1656 30
1657 30
1658 30
1659 30
1660 30
1661 30
1662 30
1663 30
1664 30
1665 30
1666 30
1667 30
1668 30
1669 30
1670 30
1671 30
1672 30
1673 30
1674 30
1675 30
1676 30
1677 30
1678 30
1679 30
1680 30
1681 30
1682 30
1683 30
1684 30
1685 30
1686 30
1687 30
1688 30
1689 30
1690 30
1691 30
1692 30
1693 30
1694 30
1695 30
1696 30
1697 30
1698 30
1699 30
1700 30
1701 30
1702 31
1703 31
1704 31
1705 31
1706 31
1707 31
1708 31
1709 31
1710 31
1711 31
1712 31
1713 31
1714 31
1715 31
1716 31
1717 31
1718 31
1719 31
1720 31
1721 31
1722 31
1723 31
1724 31
1725 31
1726 31
1727 31
1728 31
1729 31
1730 31
1731 31
1732 31
1733 31
1734 31
1735 31
1736 31
1737 31
1738 31
1739 31
1740 31
1741 31
1742 31
1743 31
1744 31
1745 31
1746 31
1747 31
1748 31
1749 31
1750 31
1751 31
1752 31
1753 31
1754 31
1755 31
1756 31
1757 31
1758 31
1759 31
1760 31
1761 31
1762 32
1763 32
1764 32
1765 32
1766 32
1767 32
1768 32
1769 32
1770 32
1771 32
1772 32
1773 32
1774 32
1775 32
1776 32
1777 32
1778 32
1779 32
1780 32
1781 32
1782 32
1783 32
1784 32
1785 32
1786 32
1787 32
1788 32
1789 32
1790 32
1791 32
1792 32
1793 32
1794 32
1795 32
1796 32
1797 32
1798 32
1799 32
1800 32
1801 32
1802 32
1803 32
1804 32
1805 32
1806 32
1807 32
1808 32
1809 32
1810 32
1811 32
1812 32
1813 32
1814 32
1815 33
1816 33
1817 33
1818 33
1819 33
1820 33
1821 33
1822 33
1823 33
1824 33
1825 33
1826 33
1827 33
1828 33
1829 33
1830 33
1831 33
1832 33
1833 33
1834 33
1835 33
1836 33
1837 33
1838 33
1839 33
1840 33
1841 33
1842 33
1843 33
1844 33
1845 33
1846 33
1847 33
1848 33
1849 33
1850 33
1851 33
1852 33
1853 33
1854 33
1855 33
1856 33
1857 33
1858 33
1859 33
1860 33
1861 33
1862 33
1863 33
1864 33
1865 33
1866 33
1867 33
1868 33
1869 33
1870 33
1871 33
1872 33
1873 33
1874 34
1875 34
1876 34
1877 34
1878 34
1879 34
1880 34
1881 34
1882 34
1883 34
1884 34
1885 34
1886 34
1887 34
1888 34
1889 34
1890 34
1891 34
1892 34
1893 34
1894 34
1895 34
1896 34
1897 34
1898 34
1899 34
1900 34
1901 34
1902 34
1903 34
1904 34
1905 34
1906 34
1907 34
1908 34
1909 34
1910 34
1911 34
1912 34
1913 34
1914 34
1915 34
1916 34
1917 34
1918 34
1919 34
1920 34
1921 34
1922 34
1923 34
1924 34
1925 34
1926 34
1927 34
1928 34
1929 34
1930 34
1931 34
1932 34
1933 35
1934 35
1935 35
1936 35
1937 35
1938 35
1939 35
1940 35
1941 35
1942 35
1943 35
1944 35
1945 35
1946 35
1947 35
1948 35
1949 35
1950 35
1951 35
1952 35
1953 35
1954 35
1955 35
1956 35
1957 35
1958 35
1959 35
1960 35
1961 35
1962 35
1963 35
1964 35
1965 35
1966 35
1967 35
1968 35
1969 35
1970 35
1971 35
1972 35
1973 35
1974 35
1975 35
1976 35
1977 35
1978 35
1979 35
1980 35
1981 35
1982 35
1983 35
1984 35
1985 35
1986 35
1987 35
1988 35
1989 35
1990 35
1991 35
1992 35
1993 36
1994 36
1995 36
1996 36
1997 36
1998 36
1999 36
2000 36
2001 36
2002 36
2003 36
2004 36
2005 36
2006 36
2007 36
2008 36
2009 36
2010 36
2011 36
2012 36
2013 36
2014 36
2015 36
2016 36
2017 36
2018 36
2019 36
2020 36
2021 36
2022 36
2023 36
2024 36
2025 36
2026 36
2027 36
2028 36
2029 36
2030 36
2031 36
2032 36
2033 36
2034 36
2035 36
2036 36
2037 36
2038 36
2039 36
2040 36
2041 36
2042 36
2043 36
2044 36
2045 36
2046 36
2047 36
2048 36
2049 36
2050 36
2051 36
2052 36
2053 37
2054 37
2055 37
2056 37
2057 37
2058 37
2059 37
2060 37
2061 37
2062 37
2063 37
2064 37
2065 37
2066 37
2067 37
2068 37
2069 37
2070 37
2071 37
2072 37
2073 37
2074 37
2075 37
2076 37
2077 37
2078 37
2079 37
2080 37
2081 37
2082 37
2083 37
2084 37
2085 37
2086 37
2087 37
2088 37
2089 37
2090 37
2091 37
2092 37
2093 37
2094 37
2095 37
2096 37
2097 37
2098 37
2099 37
2100 37
2101 37
2102 37
2103 37
2104 37
2105 37
2106 37
2107 37
2108 37
2109 37
2110 37
2111 37
2112 38
2113 38
2114 38
2115 38
2116 38
2117 38
2118 38
2119 38
2120 38
2121 38
2122 38
2123 38
2124 38
2125 38
2126 38
2127 38
2128 38
2129 38
2130 38
2131 38
2132 38
2133 38
2134 38
2135 38
2136 38
2137 38
2138 38
2139 38
2140 38
2141 38
2142 38
2143 38
2144 38
2145 38
2146 38
2147 38
2148 38
2149 38
2150 38
2151 38
2152 38
2153 38
2154 38
2155 38
2156 38
2157 38
2158 38
2159 38
2160 38
2161 38
2162 38
2163 38
2164 38
2165 38
2166 38
2167 38
2168 38
2169 38
2170 38
2171 38
2172 39
2173 39
2174 39
2175 39
2176 39
2177 39
2178 39
2179 39
2180 39
2181 39
2182 39
2183 39
2184 39
2185 39
2186 39
2187 39
2188 39
2189 39
2190 39
2191 39
2192 39
2193 39
2194 39
2195 39
2196 39
2197 39
2198 39
2199 39
2200 39
2201 39
2202 39
2203 39
2204 39
2205 39
2206 39
2207 39
2208 39
2209 39
2210 39
2211 39
2212 39
2213 39
2214 39
2215 39
2216 39
2217 39
2218 39
2219 39
2220 39
2221 39
2222 39
2223 39
2224 39
2225 39
2226 39
2227 39
2228 39
2229 39
2230 39
2231 40
2232 40
2233 40
2234 40
2235 40
2236 40
2237 40
2238 40
2239 40
2240 40
2241 40
2242 40
2243 40
2244 40
2245 40
2246 40
2247 40
2248 40
2249 40
2250 40
2251 40
2252 40
2253 40
2254 40
2255 40
2256 40
2257 40
2258 40
2259 40
2260 40
2261 40
2262 40
2263 40
2264 40
2265 40
2266 40
2267 40
2268 40
2269 40
2270 40
2271 40
2272 40
2273 40
2274 40
2275 40
2276 40
2277 40
2278 40
2279 40
2280 40
2281 40
2282 40
2283 40
2284 40
2285 40
2286 40
2287 40
2288 40
2289 40
2290 40
2291 41
2292 41
2293 41
2294 41
2295 41
2296 41
2297 41
2298 41
2299 41
2300 41
2301 41
2302 41
2303 41
2304 41
2305 41
2306 41
2307 41
2308 41
2309 41
2310 41
2311 41
2312 41
2313 41
2314 41
2315 41
2316 41
2317 41
2318 41
2319 41
2320 41
2321 41
2322 41
2323 41
2324 41
2325 41
2326 41
2327 41
2328 41
2329 41
2330 41
2331 41
2332 41
2333 41
2334 41
2335 41
2336 41
2337 41
2338 41
2339 41
2340 41
2341 41
2342 41
2343 41
2344 41
2345 41
2346 41
2347 41
2348 41
2349 41
2350 41
2351 42
2352 42
2353 42
2354 42
2355 42
2356 42
2357 42
2358 42
2359 42
2360 42
2361 42
2362 42
2363 42
2364 42
2365 42
2366 42
2367 42
2368 42
2369 42
2370 42
2371 42
2372 42
2373 42
2374 42
2375 42
2376 42
2377 42
2378 42
2379 42
2380 42
2381 42
2382 42
2383 42
2384 42
2385 42
2386 42
2387 42
2388 42
2389 42
2390 42
2391 42
2392 42
2393 42
2394 42
2395 42
2396 42
2397 42
2398 42
2399 42
2400 42
2401 42
2402 42
2403 42
2404 42
2405 42
2406 42
2407 42
2408 42
2409 42
2410 42
2411 43
2412 43
2413 43
2414 43
2415 43
2416 43
2417 43
2418 43
2419 43
2420 43
2421 43
2422 43
2423 43
2424 43
2425 43
2426 43
2427 43
2428 43
2429 43
2430 43
2431 43
2432 43
2433 43
2434 43
2435 43
2436 43
2437 43
2438 43
2439 43
2440 43
2441 43
2442 43
2443 43
2444 43
2445 43
2446 43
2447 43
2448 43
2449 43
2450 43
2451 43
2452 43
2453 43
2454 43
2455 43
2456 43
2457 43
2458 43
2459 43
2460 43
2461 43
2462 43
2463 43
2464 43
2465 43
2466 43
2467 43
2468 43
2469 43
2470 44
2471 44
2472 44
2473 44
2474 44
2475 44
2476 44
2477 44
2478 44
2479 44
2480 44
2481 44
2482 44
2483 44
2484 44
2485 44
2486 44
2487 44
2488 44
2489 44
2490 44
2491 44
2492 44
2493 44
2494 44
2495 44
2496 44
2497 44
2498 44
2499 44
2500 44
2501 44
2502 44
2503 44
2504 44
2505 44
2506 44
2507 44
2508 44
2509 44
2510 44
2511 44
2512 44
2513 44
2514 44
2515 44
2516 44
2517 44
2518 44
2519 44
2520 44
2521 44
2522 44
2523 44
2524 44
2525 44
2526 44
2527 44
2528 44
2529 44
2530 45
2531 45
2532 45
2533 45
2534 45
2535 45
2536 45
2537 45
2538 45
2539 45
2540 45
2541 45
2542 45
2543 45
2544 45
2545 45
2546 45
2547 45
2548 45
2549 45
2550 45
2551 45
2552 45
2553 45
2554 45
2555 45
2556 45
2557 45
2558 45
2559 45
2560 45
2561 45
2562 45
2563 45
2564 45
2565 45
2566 45
2567 45
2568 45
2569 45
2570 45
2571 45
2572 45
2573 45
2574 45
2575 45
2576 45
2577 45
2578 45
2579 45
2580 45
2581 45
2582 45
2583 45
2584 45
2585 45
2586 45
2587 45
2588 45
2589 45
2590 46
2591 46
2592 46
2593 46
2594 46
2595 46
2596 46
2597 46
2598 46
2599 46
2600 46
2601 46
2602 46
2603 46
2604 46
2605 46
2606 46
2607 46
2608 46
2609 46
2610 46
2611 46
2612 46
2613 46
2614 46
2615 46
2616 46
2617 46
2618 46
2619 46
2620 46
2621 46
2622 46
2623 46
2624 46
2625 46
2626 46
2627 46
2628 46
2629 46
2630 46
2631 46
2632 46
2633 46
2634 46
2635 46
2636 46
2637 46
2638 46
2639 46
2640 46
2641 46
2642 46
2643 46
2644 46
2645 46
2646 46
2647 46
2648 46
2649 46
2650 47
2651 47
2652 47
2653 47
2654 47
2655 47
2656 47
2657 47
2658 47
2659 47
2660 47
2661 47
2662 47
2663 47
2664 47
2665 47
2666 47
2667 47
2668 47
2669 47
2670 47
2671 47
2672 47
2673 47
2674 47
2675 47
2676 47
2677 47
2678 47
2679 47
2680 47
2681 47
2682 47
2683 47
2684 47
2685 47
2686 47
2687 47
2688 47
2689 47
2690 47
2691 47
2692 47
2693 47
2694 47
2695 47
2696 47
2697 47
2698 47
2699 47
2700 47
2701 47
2702 47
2703 47
2704 47
2705 47
2706 47
2707 47
2708 47
2709 47
2710 48
2711 48
2712 48
2713 48
2714 48
2715 48
2716 48
2717 48
2718 48
2719 48
2720 48
2721 48
2722 48
2723 48
2724 48
2725 48
2726 48
2727 48
2728 48
2729 48
2730 48
2731 48
2732 48
2733 48
2734 48
2735 48
2736 48
2737 48
2738 48
2739 48
2740 48
2741 48
2742 48
2743 48
2744 48
2745 48
2746 48
2747 48
2748 48
2749 48
2750 48
2751 48
2752 48
2753 48
2754 48
2755 48
2756 48
2757 48
2758 48
2759 48
2760 48
2761 48
2762 48
2763 48
2764 48
2765 48
2766 48
2767 48
2768 48
2769 48
2770 49
2771 49
2772 49
2773 49
2774 49
2775 49
2776 49
2777 49
2778 49
2779 49
2780 49
2781 49
2782 49
2783 49
2784 49
2785 49
2786 49
2787 49
2788 49
2789 49
2790 49
2791 49
2792 49
2793 49
2794 49
2795 49
2796 49
2797 49
2798 49
2799 49
2800 49
2801 49
2802 49
2803 49
2804 49
2805 49
2806 49
2807 49
2808 49
2809 49
2810 49
2811 49
2812 49
2813 49
2814 49
2815 49
2816 49
2817 49
2818 49
2819 49
2820 49
2821 49
2822 49
2823 49
2824 49
2825 49
2826 49
2827 49
2828 49
2829 49
2830 50
2831 50
2832 50
2833 50
2834 50
2835 50
2836 50
2837 50
2838 50
2839 50
2840 50
2841 50
2842 50
2843 50
2844 50
2845 50
2846 50
2847 50
2848 50
2849 50
2850 50
2851 50
2852 50
2853 50
2854 50
2855 50
2856 50
2857 50
2858 50
2859 50
2860 50
2861 50
2862 50
2863 50
2864 50
2865 50
2866 50
2867 50
2868 50
2869 50
2870 50
2871 50
2872 50
2873 50
2874 50
2875 50
2876 50
2877 50
2878 50
2879 50
2880 50
2881 50
2882 50
2883 50
2884 50
2885 50
2886 50
2887 50
2888 50
2889 50
